1.992315573837868
1.9954655743463978
1.1165499674224018
0.18697809195274218
1.2293553974279954
1.601534018620273
1.700007355189824
1.8086830383665782
1.5879164103675443
1.967615437151741
1.2109431468305938
0.9781522785811161
0.11286995751707263
0.2709493531235325
1.9679476915852585
1.090442757682537
1.029416187818303
0.4862433336528622
1.3968873585583625
0.04457975419292737
1.5032916983312488
1.0301620268115483
1.1736459294592243
1.2638382927374079
0.6401459775447487
0.6836717213361849
1.3930702461239322
1.4727355264205526
1.8619048235679023
0.9951340859538731
1.6991368488293697
0.01255994220877632
1.362505911597009
1.7557266032975587
1.4901442254602526
0.35918189526239885
0.7895677511362482
1.6714082075663255
1.4046791817206064
0.06953193265661994
1.689426522893454
1.2668458663111983
0.5229267168398901
1.867043153954702
1.2039848807133016
0.7443896965437098
0.8370311801082027
1.3899076155172452
1.0285304431675963
0.38036202469969504
1.180233142984826
0.4213335153745086
1.1285220867044736
1.6874242748721047
0.278343320548188
0.02460392560646696
1.9290599455791901
1.8379016566484685
1.6119689661686403
1.3272546806843075
0.5307299187356334
0.7729396905988803
0.8236461678985028
0.5154786745934445
0.8518852833573414
0.8623839333524996
0.4120335827226578
0.3768875944037222
1.0145923510330368
1.3149616186073216
0.28393862480020715
1.3046785694327099
1.6972915534259596
1.1397829476285497
0.7756946136307463
1.416312820999281
