1.6541564545471057
1.7347477027459255
0.5345940218878993
1.3871877642613963
0.4192401268173538
1.451628694075688
1.4363141471541545
0.5397960531196051
1.2920653933720927
1.9616161845752873
0.5803203698940669
0.3445541496406981
1.27879037681994
1.310936253406139
0.858660110281658
1.5594338229422626
1.14097493731414
0.18413509977946818
1.7803684191046645
1.1367762432992707
1.3824545140206337
0.21280236744159486
0.005225837528998856
0.12653892962707625
1.4303042601197586
1.5629447868653998
1.2455715157564975
0.4463459777056711
0.6096719711049796
0.15559805282714256
0.5684209945947387
0.4258272777004253
0.8181365502553959
1.4036418772560801
0.06045432859113653
1.060292453839875
1.8193399026351584
1.0660631943637235
1.6480386858071125
1.703715547280467
0.007537692827956022
0.3922039721211399
0.21331508702937096
0.8491299782433877
0.3714272380691961
0.8078970729142618
1.900195502499014
0.04420621902705424
0.10369414819416134
0.4443648446673909
1.7125922762046417
1.1988481394409627
0.11995646849412145
1.7570132880896927
1.4766005150435006
1.357369859800941
0.035811693468732475
1.228505343265771
