0.07613741630702409
0.6588703931973887
1.6706546155932784
1.3581451396620503
0.6424608538129593
1.7032371350977535
0.09717027047794957
0.43299917108001695
1.1427838362349476
0.946454626025131
0.9413431049764811
1.290306835757629
1.0046962279384348
1.3137624246768929
0.03224147559797386
0.5054130284245182
1.3870957706263685
1.818929606901372
0.649737457011045
0.21016225575495895
0.520528976190235
0.11381525655053704
1.3184752372604782
0.3228150776635874
1.8613811147287782
1.5351609872034504
1.9706552277452296
1.303267476505198
0.31310638106912725
0.19819575697523328
0.8216051058952805
0.18554854387725772
1.2958726024587177
1.4654827796256313
1.7335698032122968
1.0102562196589777
1.1985619758977446
0.7713240795584975
1.0885265275595621
1.1590360296560052
0.0030849128136924975
0.7824807202383424
1.1599128804697076
0.30814249168101027
1.0115547063208665
1.9528138824740569
1.1356951146696197
1.3021240090359956
0.5594957221619814
1.6654147274262034
1.4735404929295117
0.909093760253604
0.9382611977393309
1.421138825770317
1.2119995497825546
1.9141942540163468
1.9164296003233012
1.7262913392016315
