0.6880807561384499
1.6315864957375403
0.9706420396500159
1.1449107093461306
1.4701335354517142
0.13699667307983665
1.0881850611454698
0.2622767684298961
1.0663445347332186
1.2751019133387582
0.8821264036743095
1.2207525485274098
1.4721954181180315
0.6852050856967011
0.13707017747364425
0.13349347120475974
0.7601972909346628
1.0702704207468492
1.4089613863495534
1.2247442948151273
0.14524329213421616
0.8581179333193485
1.089259085218909
1.876644431294313
0.38461634382138987
1.5696356461986603
0.8334209809708346
1.8461314087057499
1.2982122430541745
1.9655285060796288
0.04021451055631564
1.5676827680782761
1.2421227943746338
1.1628224346236395
1.7148002268287637
0.619192689144783
1.0564013011187487
0.9097143031170929
1.2446366704685503
1.1758857650102104
0.031834533584271796
0.9364835605844366
0.3317601632420728
1.924542139897865
0.7989345740175549
0.14639821486781024
0.5694463894267274
1.7980026127101447
1.0600842485568727
1.7034148222543481
0.14828682771437673
1.8199054711329876
0.38919658956547654
0.5523413559091446
1.8993898025747566
0.6128512456734092
0.15067821480538246
1.2286093195677146
0.3309766434181922
1.09906910445036
1.329043469841272
0.0929000089164358
1.3374609273943894
1.493442196789859
1.426827997866293
0.6409006911553212
1.7468200073075089
0.22742639404889609
1.4125201246906687
1.993808963439578
0.9200584101655949
0.6961728166976702
1.768323434832407
0.1676369058759497
0.4878474521246483
1.0744949971782356
