1.2957409312138655
1.7997090856396563
1.6035510266013246
1.7587158362709183
0.8830886000570963
0.1045005009983404
1.5214011369134899
0.07736697040047114
0.7107772515049775
1.1655983684339013
0.3895717525422171
1.7460948246882517
1.942500081409392
1.5971208203469365
0.9794200046341319
1.2235603297432482
1.5084237321410012
1.3477156209664929
0.26554647962628586
0.5406270231046801
1.664822838153786
1.2356269268183198
0.4145100179778347
0.5454808809083289
0.8466703244499936
0.39443742469810994
0.7611172600107832
0.8322013858417123
1.0918396260141892
0.030595111501375616
0.7099154458019221
1.9721290214590317
0.8304998517974314
1.034655920303504
1.446980542836393
1.9875105864869425
0.9690489491083034
0.24404143706182024
1.7903117547660714
0.28863867766477913
0.8262357397244648
0.21687358426069503
0.23273891435067195
0.6913187325890244
0.9985053710691738
0.13247663855989522
1.4040910786031975
1.349520770781644
1.6140703799355043
1.9256208453437114
1.7651291061160528
0.7819844516846652
0.1982734448575596
1.009068000745251
0.8759123300249869
1.526644110479467
1.97502899647272
0.04589195402924462
1.8892358851559337
0.5036145803052232
0.8605696468709882
0.0027839893417458406
1.729139697654802
0.6628933439731135
0.7269193864913439
1.5979156718910468
1.2720013527179832
0.8634958483631903
1.9263526339077308
0.0526628375979179
1.7663981789581369
0.7326188775419262
1.470556427936546
0.18828783405397198
1.5186381169493126
0.6399949871595809
