1.4689523033809944
1.2723226884641505
0.31660235106015966
0.7811181004186789
0.8557090543886918
1.0618556526403555
0.1372778834051478
1.5351950354491697
0.022068608794081346
0.003477781385780254
1.4181962629224523
0.9460473155218954
1.783456242749149
1.1269765446525373
1.2562990610602807
0.46608447579644974
1.8510895529411648
0.41814234436251585
0.523588580264478
1.3077275684174228
0.47176887398406375
1.313944920503816
0.26246152733497485
1.6743932742876768
1.694708577490767
1.6189184651653865
1.0359637109238364
0.6473325115380044
1.3087659029573864
0.6821527309026623
1.3778502457285615
