1.9973370086918965
0.9330314716161423
0.577823643639348
0.06715958068842864
1.3733567593670748
1.970869158265327
0.982460445559652
1.2920853734088515
1.253660988916267
1.8451444782547037
1.9448770326949574
1.703765201997827
1.4162622868231352
0.8322665449096038
1.0431039103110091
1.772115482871051
1.140952341295046
1.5043498475236659
1.731829560555434
0.1731556668524541
1.0885743692489545
1.1357413151635005
0.3750798016512369
1.9351490527150572
0.17540877881585093
1.6372109271140194
0.12993152164752741
0.8467679379917867
0.4400258905879739
0.3217450383210969
0.31803141008710245
1.7011644343306962
0.48478006604231183
0.18505151371428052
0.32192537489658646
0.12721813833214535
0.03644729425608295
1.4245874019162712
0.9494588819470486
1.224928424071102
1.1401044323927212
0.6959485085181769
0.2084903512854286
1.5060778299300734
0.9099604058767992
1.3161219799944304
1.3422278718137153
0.8453423749766715
0.8308360658817513
0.911821143993873
0.5125777099908513
0.011568499521903863
1.775105141177098
0.06171126144720329
1.187753374227552
1.8666088926035624
1.6014135470565272
0.9306641833413125
0.7546108957745337
0.9679712130812268
0.4181488838815741
0.6854677498463846
1.062952620184579
0.07347658884392372
1.7815514322118444
0.40635993223632205
0.7213054435659045
