1.087311647336354
1.6271402342434684
1.8429093093351905
0.8132623945824946
1.7116669899416932
0.021564634621125123
1.4903285276726592
1.9618072617601685
1.486834426523644
0.5487567387312429
1.5493798256526277
1.9721917507851625
0.6988856781707584
0.33173582849928085
1.8432051297021212
0.5623953079803288
1.714797261929267
0.027678857057509276
1.832489402669962
1.11543093402691
1.1790538195442903
0.7344386726457093
0.550414246273093
1.3217041565972103
0.8804640962783754
0.8112140625279523
0.3378926460461078
1.3755975666733016
1.7114885274794331
0.539692284278376
0.3363263588448038
1.863722234848983
1.4239198030920281
1.6211357321922422
1.0759221413675637
0.2693487447125267
0.09246469742197805
0.19069096370988525
0.6396622165359749
0.5479911255249963
1.6230525367245825
1.5907913871580361
1.758885606276389
1.55067056029131
1.277801874214544
0.21423528469840303
0.5731943710806373
1.390378294302291
0.02160279949721655
