1.1944817420540255
1.3635990549297747
0.8430413075486594
0.8839527065358812
1.3297863702278812
0.4906113226894795
1.866144766926345
1.00789312422972
1.2230077824244385
1.4626828555571105
1.469439777164887
0.05918199716566308
0.11723394147446387
0.20040306465175473
0.32716929279366136
1.951841878348457
0.9973347356971871
1.0013937584269308
0.6394003299371143
1.4970318563881424
0.48231928919337097
1.9874119075366372
0.7087741021196408
1.6273101048268477
1.4529277092700017
0.7076139072329566
0.9846114567575612
0.02559134847444744
0.12305555219917608
1.334451056727203
1.6708310558946935
0.020120863100883568
1.0475307860340228
1.4140959355385947
1.4819488403111527
1.4274769196230634
1.3165098262892552
0.24343731997395768
0.4115977285997605
1.3467914199440063
