1.4047656051295845
0.07059664149306633
1.8572370100832716
1.1048178705133669
0.9082220072211875
0.5242442461201633
1.3152985863268918
1.759319105658658
1.383220808642264
1.4077960634574418
0.6692848519389853
1.4233915629013487
0.6984285946323241
0.33050093669212144
0.8607004976354484
0.8647767925498968
0.061398656417146036
0.8299492617798734
0.8579339098019929
0.6308353764338124
0.6502624122277458
0.9674233823102059
0.032388309629656664
0.015959969673033036
0.8456514679242026
1.8692202675039509
0.11246173259599201
0.3994392390939012
0.6927614534927469
0.06377055252507624
0.020520287936827586
1.383561676625448
1.1069778218292732
1.097716721410269
0.25998653493480894
0.05447675932974283
1.105903296017809
0.15887707531772755
1.6198439052766225
1.889144883954656
0.8594612078167936
1.5705329019800205
0.5242265782433266
0.14668471785381687
0.8132897500051564
1.9497847103321528
0.07410505698127778
0.11162710365712947
1.6216421370029246
