1.1340130902685837
0.48707258262366704
0.5495777583662864
0.16785946862901513
0.2571525029558237
1.9350745493670125
1.52418763204953
1.8616170850703786
1.8970698256676624
1.8677274114602742
1.0038110708681223
1.3854155943232382
0.5568841286788704
0.15548695376291333
0.005710044318969487
1.6150058765974973
0.9629743773867259
1.6823012918863633
0.05427625579882678
0.49328728195489013
0.7329250603894262
1.5661154109708249
0.5572068838406543
0.906996660889742
1.8453974522207992
0.7406885675335118
1.6747205096131097
1.5767310421121379
0.10582439666135635
0.6860174808690389
1.0174905681511777
1.6854763883824995
1.771240721048096
0.7123932347758686
1.648673411518645
0.5070404241376063
0.4875272207990924
0.5510334824201966
1.5465560557414926
1.7124738155753123
1.437453014395718
0.5752296092257443
1.917800502992721
1.4122518286228738
0.018549248145476316
0.6305233884062535
1.6323885154056286
1.6577617224867773
0.12989643514904525
1.5943670264978733
1.3938084008621314
0.4135379661352778
0.25457244108326016
0.8459697737035157
0.8315237798569499
0.6196707524574818
0.27025168661875876
1.8516949761786354
0.3480900522454755
0.7501555560121349
0.8589189644007456
1.0193548142866287
0.3823544411499542
0.6645584303128693
0.8969313765153077
0.8317101951172234
1.568261573687383
0.34789945889096296
0.4153507321450549
0.05565283346326311
0.12975298449056494
1.5532267340872763
1.175053973318846
0.46817990449518376
0.6192104885793723
1.734896741404048
