1.058917867523899
1.0084147464380786
0.0826851174135439
0.623855864126885
0.16358457598094267
0.26445711537666394
1.8843838341267958
1.1292967853425275
0.1717906105607856
1.4377286940747669
1.718071739385774
1.6583205758351913
1.7269328611576449
0.4515159776467961
1.3764927087199368
1.384784174019663
0.7710144620364865
1.2536250463410474
1.0892180195266636
0.25093545191143196
0.7267027792933018
1.4412334251273236
1.96539323991597
1.4607843175751278
0.9141349100886305
1.4415084933522304
0.0937152593090973
1.6392451925624991
0.9437644799194458
0.5493196883047693
0.47731599265852953
1.8594386675325558
1.9435341104723625
1.9930369429125165
0.7878403921799397
1.7871772348019834
1.2741193137334141
0.19127772459298287
1.3415881606473787
1.1313635057251035
1.668474474014649
1.3636502155262291
1.8113271335071621
0.24715813984012103
1.5696188308484578
0.15235771911520324
0.08562264276181875
1.8288756678883122
0.9174694342408785
