1.2976402475254338
1.1885592380621284
1.9385829352190513
1.0364810549964596
1.4878735396296356
0.1897057241291895
1.0383129828426525
1.3823751551920762
0.9901887236089446
0.9311039870986071
0.3338532403696246
0.6065946845983121
0.6406929684224378
0.4380792405671703
0.5244794707156983
1.2377804939191521
1.6732769295313878
0.3316365834040438
1.0589592968512709
0.06416920382507385
1.6860464985233867
0.5708195517830754
0.3011320310917247
1.9627408366248198
1.6159214926305694
0.17406047784072687
0.7947344292208247
1.023619130146142
0.36450430094558683
1.4493172543099813
0.4475058777822789
1.2448684124326612
1.3691081497135968
1.9589410756424708
0.8177133475374876
1.4709566465675596
0.5162036383852975
1.6816030725401871
0.0849295339707794
1.1543902992914052
1.398492691503463
0.3708420855618395
1.393976243224151
1.452614455702201
0.7914710574328181
0.018235915016114657
1.6821220742517227
0.49717880643916335
0.34696394946985176
0.2816086698601721
1.975431812271537
1.2975045044616773
1.3723160600590472
0.953507463283656
0.6013441467221892
1.519562587825738
0.8783006145888805
0.3094761214933075
1.8938567240236845
1.6115459334095732
0.9139621666609301
1.0407652610715314
0.805615971001691
1.5423740538392572
1.421216298397384
1.1337121805505919
0.948204477399619
