1.248673439154226
0.6054582970034827
1.366451586595952
1.2571394983302522
1.1341223232129036
1.6749234184115598
0.0873978269466873
0.2639291550075251
1.843342371944718
0.7111829485141028
1.9967447058309564
1.1688538592144448
1.732097579584361
0.43087393597177703
0.8582444412272956
0.05112119111396218
1.9948959379932258
1.3626328951162865
0.8756080045248398
0.363416871005835
0.8284135318867314
1.7485972060338617
1.5463465941856231
1.8073304552565368
1.636978465768058
0.5304654162232247
1.972081042770085
1.7444227370895495
0.7314350554661577
0.651764235141925
1.4722147948410478
0.3905639046508238
1.4086276123648038
0.8487851459845501
1.4347619085422858
0.7028104052858359
1.0880008351291828
1.5582658257417288
0.6575091626105287
1.5944306755862563
1.002430450899975
1.0049958928292315
0.1258797534257865
0.15824576696980275
1.7066578181602758
0.8433054386374996
1.0674747874881807
1.9997445130619944
0.30717484933940753
1.8799286041922558
1.629953928872836
0.28025256395063547
1.5556507160069097
1.6074659019948943
1.7070413124507717
0.5073031980997391
1.186483457056216
0.5753259301756328
