0.06156889521686315
0.5883417089688581
0.6209665427008995
0.7985040545667927
0.007004520134555214
1.2476907066631537
0.28539489989872635
0.1332571901570363
0.03396334004977497
1.5118091423257516
0.9241838321887368
0.9037217144098499
0.22385721282482152
1.7337609244485788
0.3660089630436869
0.4034466204655005
0.7172559666223197
0.1291473156746612
1.3384841659695605
0.12051529503468572
0.34575828175321144
1.1508804783587423
1.6854774632665879
0.8942904240568743
1.6711463498829784
1.802381234641484
0.6136087753655817
1.7346381383432554
1.2163843145122497
1.491302509995962
1.1140585017728024
0.35769859237977686
1.4423529433103237
1.4821923733280813
1.328839802769076
0.7684979715505258
1.980182496959611
1.0268043508689009
0.6903920695670251
1.3456789725873266
