0.32919230067133887
0.9689011349221226
1.5409552108190105
0.5607947577688202
1.2769156270072775
0.33073466139553
1.5359590351007495
1.496526613626875
0.9743671401017009
0.5797647280979206
0.8582849880395629
1.9052622364047904
1.2816210567259305
1.3080015190645495
0.5414047260316868
0.43735142244628644
1.6180696306115814
0.4768952525327581
0.529297818611802
1.1599009166903178
1.4047265184663291
1.2454075635650512
0.04711809889368768
1.0791626270773453
1.6262391140191603
0.4936318386576737
0.8622106944361594
0.6879548518916523
1.8119908216121594
1.6321056291232332
1.210227124163627
1.9944472405379412
1.978896624181373
0.8348456038698657
1.6453892189700063
0.2082433903068983
0.8806581968156393
1.3829629084084152
1.9043933931121488
1.3842335050744121
1.4768689420420351
1.1738655543803804
1.4403889205390135
0.4654880546267086
1.0703574500409756
1.78040331374755
1.7726178388598157
1.4962259226652779
1.9611484403182087
