0.8582849880395629
1.9052622364047904
1.2816210567259305
1.3080015190645495
0.5414047260316868
0.43735142244628644
1.6180696306115814
0.4768952525327581
0.529297818611802
1.1599009166903178
1.4047265184663291
1.2454075635650512
0.04711809889368768
1.0791626270773453
1.6262391140191603
0.4936318386576737
0.8622106944361594
0.6879548518916523
1.8119908216121594
1.6321056291232332
1.210227124163627
1.9944472405379412
1.978896624181373
0.8348456038698657
1.6453892189700063
0.2082433903068983
0.8806581968156393
1.3829629084084152
1.9043933931121488
1.3842335050744121
1.4768689420420351
1.1738655543803804
1.4403889205390135
0.4654880546267086
1.0703574500409756
1.78040331374755
1.7726178388598157
1.4962259226652779
1.9611484403182087
0.3239291362832408
0.6676782935863379
1.6328700781795429
1.4742126984661494
0.6320507732610774
0.41716000862841174
0.8696938617645888
0.3756150972218055
0.6477312654520087
0.5825197939387077
0.0758397674355975
1.211582072592123
1.5060267547955188
1.053785606153486
1.5536152959926945
0.66444629837487
0.6263585163494141
1.8999954030665678
0.06040184871299914
0.41091514780067984
0.05317197080540659
1.9644202556777874
0.9919997310959938
0.28600134160452484
1.389388303351581
0.08999156267490305
1.8757192085844565
0.44316595179855334
0.4758029516073541
0.7221423125468514
1.8673572560513798
0.027494595584684145
1.1611440728303717
1.341628005405799
0.9434445107617893
0.7719171587901243
0.5286316791563408
