0.5399080085125512
1.18001143041394
1.7769559499565917
1.6574036810475352
1.0480879941078824
0.7251924988382359
0.03106747535531973
0.19017007845073852
0.4216374625646284
0.10673216801932339
0.9723102228910543
1.6200161156851491
0.17735775725594394
0.6726131669094046
0.9629868911583199
1.7088429319769354
0.40200385703143837
1.368717064288354
0.5290458428305755
0.8760448537869401
0.3609142399556302
1.8091854064223276
1.521892163965203
1.1324082941085818
1.4985009524020763
1.8531740911953896
0.9076174978336744
1.2666638582487488
0.18273035647161473
0.5990446972087207
0.0340353747680715
1.4585374548318413
1.307623062544716
0.7944287609831724
1.4477461104893448
1.4046700367147436
0.8850221148446571
0.5327298091437185
0.1264689669006076
1.473654192898461
1.8532501007273878
1.2085118118099865
0.3522920850844411
0.2822261785496232
1.2719131803960928
1.1328382730299422
1.984762633699598
0.10398641439556977
1.3320201587214267
0.3940540185796415
1.2339651729137815
0.4713748050744435
0.1665698172916188
0.6986806186195684
0.5232640253511907
0.048909622790032525
1.8584188149250545
0.18049959243924096
