1.3258782096284616
1.1106402204081491
1.7090671353897857
1.0964370359341737
0.9109155720522932
0.0467465102127278
0.2883623213874178
0.7903987746286889
0.65437391791929
1.1896105159371704
0.8391469202074457
1.4414578353226828
0.6614314429928423
0.07736054362253597
0.07067043618034852
1.9530637280016747
1.2137743868284083
0.8867918166356747
0.9297614117035873
1.2858719134447174
0.24552109590578342
0.027266903970180945
0.8574397997382572
0.2975609118476008
1.7940517670879328
1.530598461971822
0.7522114637928778
0.9730608917579029
0.6158436516705654
1.2942481313877106
0.38777975223127825
0.8080839345674988
1.2662712395085225
0.06623467366597913
1.1876419671586818
1.034274040924124
1.0163403836734313
0.9293087914809361
1.1009764681026741
1.6670590608181555
1.9016031040022967
1.7529906136702458
0.26176182045293395
1.4817913370607823
0.1594200215189039
1.6480895392911887
1.4626319102107352
0.6209629154905847
1.8297743502475772
0.07372281582517504
0.6585494348486316
1.9936719150534778
1.8647803011477975
0.511637728218068
0.12444018856264627
0.9276440991327974
0.16652444873471373
1.8106204516552746
0.158594122137667
1.8529629184697716
0.6098441201072036
0.25271324902536607
1.494801554088789
1.30558900054033
0.8369484398698868
0.557233949601736
0.8333435119584669
