1.2713711107809078
1.6480547030476491
1.498321369797071
0.6656053705313929
1.6737309706096757
0.0719197826792568
1.6797796733956392
1.4641918549837856
0.4188187485838597
0.8964511329956095
1.0686177987457017
0.38522838503617773
1.0466604884870403
1.1349366948775161
1.7426632728486529
0.6802869245202059
0.7635625970429136
1.411005512604465
0.3973875516712151
0.9360000841269027
1.0050782249506987
1.8879177827221416
1.7983512744967678
1.0545138131621243
1.04185886588439
0.33612516134002535
1.1798525029798377
1.6883042055844322
1.9447650612718967
1.8806298272767985
1.0159878732322465
1.1223800587699855
1.7676503517734723
1.7766130465816228
1.3997231558971408
0.5547023632393087
1.6497408313412683
0.815596490426175
1.363140339263862
1.3082316541508008
1.7484135924861532
0.34221992814425395
0.3405592244353599
0.562741869991612
0.4288284626400656
1.3401295900790045
0.5405759657958442
1.7110084130520282
1.9459986970258232
