0.8898120561615217
1.444036506816028
1.9257292815818534
1.952074267806505
1.4315900246078832
0.28559713042183343
0.5589396204074331
0.2142497286201408
1.9973375531088013
0.19837990057059418
1.2053757293175758
1.6806557893494078
1.682995410615678
1.7802241037552613
1.1877101249346715
1.3972888876634904
1.043677076232223
0.576372394952128
0.1556794923732765
0.7358980631861773
0.2443855503576482
0.6244398346685593
1.7028523748628435
1.4345192238491777
1.394165919652262
0.24944292376140753
1.0403140552165002
0.3186530083465402
0.3707527574073559
1.4456965371946602
1.0815233908339463
0.8183661538785278
0.4708648716895416
1.5020944906488416
0.25155746922466626
1.9360032111340115
1.8214952736280021
0.7469376802566772
1.4526628866449265
0.8453459848891232
1.6472037823556849
1.2048510976591023
1.608333837977141
0.3552566925728091
0.24596727500206894
1.3663924133937306
1.352261629590323
0.4836444632078325
1.2276291808618192
0.7321721904219047
0.9521629822509703
1.8867792695102161
1.8672010954881006
0.8445962077353384
1.8415980172116213
0.6434879628561987
1.5117405667404098
0.8133608439233546
0.29323207548327135
1.059918577319177
1.1872409199293794
0.9423422525361911
1.1198571952399083
1.4234553399828704
0.21248177342435737
1.1770629086603912
0.8481803894652522
