1.7064697391771637
0.04805247570468607
1.529225550912217
0.7212512136876934
0.8618580912406109
1.994872278456865
1.2111222923653462
1.3743070746330406
1.9457034725414113
0.9857643640274887
1.6146441535050702
1.0074356014946635
1.658828767534739
1.9203486710368072
0.5227018964334058
1.3623264393134327
0.22935191931895105
0.3186800952155311
0.10411080687585494
0.81345526629122
0.10246435153043132
0.7842261102591643
1.5015023824201568
1.5563109101612347
0.27071358781219956
0.5850158612462266
0.36617218942989993
0.11249779292320339
1.4735108604016478
0.53991539952627
0.6083744303428604
1.9829270571277307
0.21417890587099864
0.3043949618606163
1.3562770964246051
0.2850357798707881
1.1582473658897512
1.6499390184463194
0.8244629607377982
0.42094226344535723
0.8687787875644939
0.2768222912231142
0.7645800515751073
0.40524713864694784
1.2774949016891095
1.1266155116946863
1.2509759031713128
1.3758684241024075
0.649048002550082
1.6378699357135358
0.6562755424011781
1.1002804331101048
0.8567754569817754
1.101835121362165
1.3501727317284482
0.17319915353990467
0.47671399156479133
0.8195329904045745
