1.9132161190018406
1.8358451281953996
0.9168134851986318
0.23848993636805904
1.554263837038043
1.4335565535181
1.8747800936839818
1.2582772822037898
0.0366956396497895
1.3455757825637384
0.04361859789572131
1.8991063992579549
0.680489186603916
1.9473057173509352
0.4881666059967178
1.2100334079585875
0.8959961597880408
1.9701781887189167
1.5382975044139218
0.35013447798889663
0.0903769569783135
1.119137244673321
1.554352201521119
1.8100907395507604
0.03403589082277492
1.0140236644570586
1.85355516680334
1.4148470394466104
1.395896809182715
0.5580926194809068
0.5445238454068329
0.56647282604508
1.6142017711923065
1.8281562098888124
0.9507569658376265
0.9956935996172498
0.33019202938987746
1.3082200465371492
1.2644842736232098
0.4237597791314984
