1.0993082849811526
1.7183348992841494
1.2328723161916582
1.4029662485107033
1.9571849407722182
0.09926847471125733
1.8326312690454882
1.3513310576286304
0.7322186154508086
1.1881957073075058
0.4246882733807862
1.6476950114298043
1.4968169099355104
1.6226458888906214
1.4237469342303526
0.46540128125778857
1.0300951492035693
1.6420155236032983
0.9899066624808577
1.7154520771321105
0.7140268275068746
1.7983641275230622
1.0603004657942021
0.942385351582979
0.28074922721106566
1.5093970137193575
0.41318448355948245
0.9790846533021718
0.3011012121254182
0.540248362151988
0.8531750817840713
0.1949135702824858
0.2970311998652009
0.7216445213218581
1.3743438937266483
1.4951004194580313
1.7243572919697474
1.5998503642056585
0.8585558405940974
1.2537958205974653
0.8196110464487845
1.532950465696926
0.8234544876871439
0.9352681271618026
0.5320487706073687
0.7395012356580066
1.2895795184605583
0.3855854617983434
0.004761248808865748
1.1559389370671544
0.20663250043024384
0.8262761458349175
0.5509664977349145
1.2879391170283516
0.09579020483594602
1.9851026688755558
0.8180943402203527
0.1046202818616968
1.4550387068149675
0.6035643782793985
1.4593756294300722
0.7827129109555542
1.292647196888384
1.8212952829064726
0.6944850030628551
0.8843826685110394
1.6140712759466491
0.9840206979622943
1.2406873573779293
1.8532099364315773
0.9542896494569186
0.7462428428716197
1.761165625101325
0.7302707754829321
0.6437231373045456
0.012364055106175886
