0.13052756554693623
0.9252028596141004
1.4383149859586206
0.4268190804077632
0.298738579517015
1.0581244837678465
1.9211169683289517
1.4555964772863486
1.1089622599525493
1.709294872208663
1.83954770542026
1.336660378736037
0.5270030394745384
1.1299608120445965
1.191897097823872
1.0073580610518555
0.2992151711365576
1.3355114870894593
1.3003515456650327
0.13709884509535675
1.8225979671484969
0.2501750893704946
1.3671588114657274
0.3335579725495914
1.559745021858046
0.8679760115858977
0.8058759356449334
1.7276729171705414
0.5002043061622796
1.3311104178162614
0.6965848358321045
