1.7653791805228498
1.34005190653744
1.8545081298465753
0.0826902098759108
1.0093690531243582
1.127382260846415
1.0063815117121453
1.936240418615724
0.9068619985808568
0.6407323639134463
1.3099830928523177
0.9614574267049663
0.8955030152382562
0.5364766639940242
1.1382557022247868
1.6762040492558006
1.1966434872195104
1.0725028213101067
1.8395806394158543
0.9445190031847175
0.32922361277522993
0.3483874868972485
0.7700375748422741
0.49795263692404035
1.0143435287376659
0.19643344792172224
0.523261738378964
0.867231914151803
0.777427721690287
1.5759690084134355
1.452353826870763
0.32699772858403175
0.8385751318098618
1.13609930291403
0.2086808618723741
0.2641564521712567
0.9388727780488977
1.8153769214271582
1.591090094897158
0.934723890143613
1.5222377541372656
0.6579926964606035
0.39560318709770836
0.9100947358429439
1.1585404349401447
0.8201494932487559
1.7326229944042395
0.6355668863311572
0.06307512087851963
