0.3027128738927334
0.7209306222399259
0.7277824693382704
0.5381211966167214
1.0079024475392844
0.5877744226513073
0.6403096616954493
0.2156228977435859
1.606620767400901
1.9279864218793699
0.8974554107087633
1.7315250432106009
1.4291093919428426
0.516421112853215
1.0058626069597136
1.5548253212299135
1.3613303963384786
0.3066933324846026
0.21052180370141826
0.21911404590567818
1.1223824950024905
1.6995901466645136
0.7599596330112863
0.656972323492051
0.38558967603961136
1.2395338922841712
1.3736757206959562
0.4021536061446227
1.1950170268536011
0.414483207487196
0.44077970847604275
1.4729744761412262
1.2126563703643067
1.5393194427988797
0.40284124347018624
0.6701340271164575
1.4881666180750779
1.3381832906323292
0.3768638437987786
0.8806926923152116
1.065792216289191
1.3367727101471836
1.2762101468782343
0.2509731915594271
1.478158216113708
0.6610613342373757
1.6749919157084365
0.717759000174409
0.26997155345248025
0.9160047501844821
1.0007203323723197
0.5896749929182357
0.14522181641858545
0.7438188325763178
1.4132293318327123
0.09948152289882817
1.3070934213211616
1.2104383397020482
