1.2391010580680408
1.9623761418789294
1.2957758849621754
0.42649266225578675
1.5419571909243834
1.2102013630831103
0.470037294457629
1.8924699075755087
0.06375740400654895
1.2884266603396246
1.129218962063208
0.5142989534160649
0.012097864678639603
0.6503807096403169
1.7899194831786729
1.625590203577271
1.7453615769246102
1.2635850723231434
0.38241403565485
1.845238030744098
1.8985798842875226
0.5476748935759854
1.8902037148434312
1.9805734611423222
1.8303544603309878
1.2960546185560267
1.3589545401026935
1.076257558174078
0.5388608275415527
1.1700023874222665
1.7713957663443347
