0.8009354523668724
0.9942018796219938
0.5609177692300129
1.2829397905008646
0.05976372089292248
0.2679744478791193
0.06927000517770843
1.7494915102730135
0.19643672369448506
1.8730478004361868
0.40927192833914106
0.09672506301682082
0.25532359675179217
0.35764090087691036
0.9629383774619118
0.13229623963054316
0.6130331365616501
0.855526687092838
1.2525231695260368
0.9389164431284733
1.7207198149931742
0.006973796579091918
0.3786715979069042
0.7723608521600656
0.15146309806145952
1.757114711602226
1.8849135097235181
0.6259329868287073
0.26329428324709214
0.1974796037502018
0.894883750250036
1.4359288781720445
1.7209476842660232
0.8735510499537322
0.2860498831658278
0.5091794881551541
1.656262817315394
0.6754718779376758
0.217650361045286
0.4812182559328213
