1.9513754233064056
1.3762157481311075
0.10932467727707573
0.32764771012177185
0.8938215409114325
1.8572557986574072
1.67544957798289
1.5745371449176124
1.7613333681500598
1.4302351029056513
1.7145721715780176
1.5716889130072937
1.2095811764008593
1.0818716475415737
1.6510535267160282
0.841550848354232
0.1323204106638043
1.6745301942045945
0.3159585211568219
1.2107089048070856
0.20290992433358346
1.6829636742593226
1.7610903195219514
1.9006268407182945
1.4524998296925489
1.5442167479297182
0.7130992786180301
0.8486605250410766
1.631478059160167
0.7663015354576221
1.9230357741879471
0.19589896406836305
0.718770433081592
1.7963033219809685
1.5939966710133424
0.5964218898930072
1.2614174506411886
1.062702507191636
0.6773760675904286
0.983918761581275
0.3511558840105118
1.877693291161076
0.40137350628616897
1.7813102097020823
1.9934643925920583
0.6269362717477525
0.8440053753296191
0.8187514437134498
0.16706506801476317
