0.9108922748718729
1.5108395423165444
1.825128844245668
0.19101925786225937
1.2250027325793642
1.6756974882940021
0.8011677577183063
1.3516812682139814
1.9282227040250066
1.5650332743743665
1.3308558507255417
0.020015745177779376
1.1350337904655987
0.3784804084608484
1.386158771551179
0.5707286989909321
1.8194469147332875
1.2381438846016235
1.8509002292770953
0.7054372276116649
0.07000931445520386
1.0550456088600453
1.4668811158701436
1.2221399202602012
1.2782733540782845
1.7090234352557068
1.1135206803979512
0.05629209875246266
0.5636664517765495
1.738223710777143
1.6252301456274632
1.4171009387101363
0.16026240891657162
0.24831940723085255
0.5276832733068315
1.6648000268880785
1.0293155882355776
1.2187356625484425
0.574576217678191
0.293210126073542
0.5315866607516933
1.5750030665264765
0.6387602357937916
1.7756069229986036
0.844659780623481
0.12097587821873912
0.041530342308647494
0.1455658449544126
0.590784191100048
1.2762228196040741
1.6016237547066305
1.5924244203259383
0.2310810743443712
0.46505115438194045
0.4187760922873074
1.748968970487819
1.8218374796802377
1.9852812260404442
0.41205367938779336
1.471155926061431
1.608732811506561
1.1870200396404615
0.9272672068499634
0.5887697450700431
0.15154783033864305
0.9207019848219957
0.32259814406524345
