0.2838991918359848
1.4272770284716811
0.39657467269198454
1.264310749152874
0.8470665981861711
0.9959077544833543
1.250436038947007
1.772029550925426
1.2763672024434154
0.9847904879587621
1.2837150125649166
1.8404200679614813
1.0625155996026159
1.067838620864772
1.5450874332237223
0.3116519957029604
1.5280919460673772
1.3896635165429752
0.8022232677648673
0.12968132551408784
0.5928021382362143
1.745018875260926
0.34384758099686286
0.41941857223494683
0.6608981912283118
1.6856453307998538
1.8229066826110971
0.5734854626138421
0.6273371464465796
1.3801327770860632
0.08507011528582886
