0.48771356026948487
0.061206683322903466
1.600235380264146
0.31694842518160593
1.2873114982904381
1.0492080088663251
0.6919712434602934
1.5807438197759054
0.030688703324661226
1.2061663092412065
1.615440229604752
1.6054473562057057
0.7770536421786032
1.134364459114856
0.6766747640112296
0.6757884355313606
1.3466170007166451
0.07446421877575116
1.749349749958144
0.4968934420806099
1.1084229914917416
1.186170585288965
0.7684418353715841
0.4712765208475065
0.2252403861622212
0.783009705433459
1.1981636721392204
1.5480315430803615
1.7737167286416105
1.3982752205533258
1.7899149268504315
0.10968157194787853
1.1059664604836135
1.0208671053965452
1.652348123611326
0.5388335911449791
0.24214858555385543
0.1695941388884803
0.9074185013750733
1.0528544140262204
0.9339840044794685
1.2948258182362116
1.0964729180002184
1.6572461694997629
0.04577492752427714
1.2794518508080626
1.3025458437175104
0.23082234166281346
0.4464699264873877
