0.6049324243852032
1.3917128693699286
0.31662051639559063
0.8526353947796301
0.06022850991386086
0.7829332533630367
0.8350721841554325
1.7088510925023934
0.2830399196405926
1.721286311394802
0.3835829950734815
0.6318816641105167
1.7287307505080807
1.5439618942702444
1.8486743625748394
0.803869358912721
1.7797097726372724
1.4327331895404338
0.0810348455295169
1.5945335732609953
1.9003609604104512
0.2961356799694501
1.8462639503980247
0.02733069056365789
0.298113964355728
0.1227246169287719
1.1187003098462847
0.22374653166649816
0.2631006418939763
1.1159160448188503
1.8054548336047547
