1.3926559644416265
0.5805405264867849
0.5265844419336934
1.464236724906519
1.9115795771015618
0.6079325485609903
1.7162470974713928
0.13596932566925313
1.389361366569502
0.395135036075525
0.0505585918981315
0.23387139202524931
1.0013624845178621
0.46281353151451654
0.28778836886718295
1.0065173376505974
1.7828747674034995
1.982504903174593
1.5928354149242216
1.6162226805973021
1.818954513236207
0.9942051764092144
0.4882546372229326
0.26661582404721607
0.43878149962136215
0.7901805103128243
1.8459252624092626
0.6898562296339183
0.10208680097901324
1.0512389461963516
0.6559754773146298
