0.6807928399966827
0.014038397071197473
1.6076348282539028
0.01908251022946894
0.7994182155880614
1.8178240294573569
1.474914150605854
1.6470851134694762
0.7908606877562385
0.8600862188018308
0.950807561403237
1.8417292189590397
0.05385876012218205
1.375905086758142
0.6208283798485845
0.6397529595814757
0.918761035191543
1.572334948790524
1.2248552440880847
1.1514684714074925
1.4595975736358056
0.28985833809996864
1.9278762331695503
1.2179480468268116
1.5075578683584934
0.5540999387585908
0.9405341503238285
0.8881532918180981
1.5175802640213183
1.5624254257228527
0.4779092645170926
1.2448347365505543
1.3426492915211692
0.36406537282015217
0.6137359819002417
0.11005266904406552
1.501986962874132
1.7477367563701018
0.4782943796568402
1.9446359041511467
1.1327704232564018
0.34656549994236086
0.09507862133329548
1.4217748950417413
0.4486180074985544
1.8480469444828924
0.2301352315356433
0.2842702747911452
0.3794731750054514
0.11761933033211269
0.8815834537380001
0.10551131896532118
1.382783572096029
1.4214621662401035
1.2186299361496413
0.497679403268382
1.417487233381927
0.5953505301181332
1.6139023539271897
1.0355915640556583
1.1105188600898144
1.917909627194013
1.2890351208766067
1.138656575203076
1.8823834597430165
1.7211128097113395
1.9043476107423136
1.5920171603112578
1.585002529394071
1.884547101841234
1.0883898809410586
0.5611113649406025
1.5912726912849124
1.9396582386431813
0.08897515950489732
1.5516644379032334
