1.5438436383018965
0.7242538180272353
1.211088155145442
1.663014439175945
1.400591116588906
0.2864947149190957
1.3320694458804891
0.8563887681941535
1.8430285357536227
0.16291552483186367
1.7528249202558444
0.9643046362262768
0.5521836833098153
0.8033134095573504
0.14031679420189835
1.227604659783799
0.2026005071480066
1.1956869127250216
0.184777377196796
1.5848439620550527
0.6126522971746815
1.4610746159905608
1.4064311450769433
0.2753740706288492
1.3938026731922197
0.24541642504559658
1.094723658179512
1.5443021798022851
0.22279012067928994
0.7963596044814367
0.4891596281243453
0.3618270863137023
1.078953257071281
1.9155174905128414
1.5194396754966961
0.18489715618025038
1.569209957205938
1.5356426477139165
0.1433420337696516
1.0103110920159932
1.64012468488884
1.4901472159540856
0.40574522064985485
0.22975141138373356
0.06374018884301424
0.25005513078383634
1.7996002740898285
0.5491653288314242
1.8061751608283227
1.1005567208762024
1.1677778428077379
1.3756427830553855
1.8694198536047
0.4839615346929276
0.7081406351524424
0.746918377929648
0.20999196095242878
0.8992380456087119
1.7806956016363014
0.2581649688977774
1.5175150064242002
1.0745152010491674
1.7334615736966525
1.9153635940546092
0.286809953478512
0.6865689793295684
1.4065542213302082
0.3009492535560043
1.3602525079353636
0.08835263181479514
0.562877826746452
0.7532299630240251
0.6404404339595695
1.2963259237399125
0.7372863819721527
1.3312945817603778
