0.8862036058170935
0.3951260849460798
1.6372758046784495
0.8963675460922298
0.15431790805790735
1.823440406842264
0.32495398676890064
0.9102596414101254
1.3265741321349611
0.2994995648707861
1.5541949597686675
1.0959154536655982
0.25438760567646224
1.7465716345049391
0.6087523390536811
1.2979112006991054
0.7073073184399274
1.3989788822313822
0.32566902990004865
0.3699475303743682
1.7137057650698866
1.927317537785957
1.8776316276157687
0.3597743190777254
1.4189167927335582
1.9032747280572107
0.0312708070949097
1.0536272180301425
1.2721879301816892
0.813801247054335
1.7673722047166756
0.05399939845709767
0.12295027404151959
1.3435937070390547
0.7537359143545288
1.651627465533271
1.6899912018344656
1.3448597453088622
0.006668155428191103
0.4541056607867202
