0.44323226740523713
0.2898023344156311
0.44449201522543014
0.7353088812993431
1.2997516665851974
0.17829630512886574
0.7457816922315765
1.252694407261988
0.048548747983304
0.3767435978116138
1.238271252370764
1.5029599653498669
0.3173278915641444
0.9858281891417415
1.8108447238590304
1.8726457408783794
0.23024744461411206
1.284366702546933
1.7839548870400885
0.5071847829097131
0.21296538055954217
1.6851743542766782
1.942269791241066
0.6435950098265066
0.095895439480854
1.2070416334837266
0.33763862928990607
1.0523377341001088
1.3290740587769383
0.9778508395095478
0.798675673692661
1.3196964763019232
1.9671732423210542
1.9106098237301166
0.6165033738428329
1.7550009351549072
0.7899697257978713
0.27132658509749286
0.6476061417119343
0.24911763878934057
1.1476635318205792
0.06560763859362062
1.1261771523245492
1.0139324937926117
0.7984523465992384
1.1687981785410027
1.3475299152847282
0.5423074312826834
1.8047155131641666
0.24688864535897448
0.1450936948733128
1.7672245731129004
1.6502971515201534
0.24141554306886492
0.10426674473227271
1.4788200266511113
0.1873116374146253
1.4751806462296067
0.7138699632638477
1.8915069901163934
0.40412444148631144
0.6573946821231633
0.8011308910962223
1.522868623464721
1.7030514157748828
0.7785588068313309
0.18073965524417535
