0.9619227231718366
1.632934518688887
0.7736311951489476
0.4403718746977434
1.4383522794651937
1.0294387560292617
1.2680170642689497
1.6824091953483404
0.7850480346479962
0.07920746419503732
1.8002664922307514
1.533881094102647
0.9177689326779443
0.5388089112569205
0.7875445535437637
1.9487091021010756
0.3349578312627508
1.2126339618066333
0.5056207935204333
1.4691836122179875
1.7770660327085106
0.8915958153875905
1.9132227459152786
1.180708568743721
1.2739693517236153
0.8351904187934767
1.589024364015183
0.2114534511556454
1.5896967022531552
1.3906751632346546
1.2569089638304702
