0.891547840951517
1.258746530716413
0.4055647318490969
1.4409482387755075
0.0019757375736686456
0.058641014692744076
0.36667153557785426
1.2205822259674557
1.9006760144085422
1.3486103531246094
1.466029052311343
1.6788192464045353
1.6454377986808142
1.3436142427623992
1.9242240521620904
1.1146956412097118
1.0626409270700812
0.30762201289741187
0.3189666067304562
0.3102745241233533
1.6150281555650863
0.7627345019204581
0.0387321936714935
0.8068050864720133
0.9436801392789516
0.7998757836953114
1.4776461045383513
0.9654468208414322
1.6545111680507891
0.019538931094324585
1.9533762692679684
1.0305366475144049
1.3185903634002387
1.0982177209823432
1.6098207750037004
0.7221800298667489
0.562142871986349
0.42511984440618633
0.2796381742808185
0.5794878345714523
1.7045773855904227
1.9470985654934156
1.3346895093397477
1.5349213946259672
1.7757922675888556
0.6201662015649827
1.8297224853206857
0.8816717942550789
0.4410446992312549
1.1289830554156812
1.8835628094014738
1.6114286298796574
1.519569733428784
0.9301120279397512
0.13183726328854561
1.9246466568118947
1.1482511254085703
1.6621934054290275
1.3311521344737898
0.5354388320845369
0.7894855471805982
0.1938560575018462
0.21382417932846698
1.46056728845153
0.4477789215372052
0.6139634970859302
1.5291897404884365
