1.5225376169814875
0.062090743886115796
1.9462569378354067
1.2019867172920837
0.6654020363215194
1.4763484138351197
0.1471057330282899
0.12701285288479536
1.6637320558290116
0.31682867224921196
0.23351277385719937
1.720997188943707
0.26811673575339556
1.4076471411766653
1.3395243127510157
1.4128079037075065
0.21266675381759592
1.1944411600969462
1.012252200797458
0.3499282534252264
1.1084453204944347
0.3077717954953165
1.1054468591282318
1.6327930519827683
0.6180504569079215
0.8451696978973748
0.09522705965944933
1.3568490889868992
0.8554824838492516
1.8374540425922348
1.9839320771974118
1.2541494122042725
1.0807271610708464
1.7731613261549244
0.7719640720796104
0.03140123480456802
0.9904741131252135
1.402307744240964
0.36054074592055985
1.4293605154166222
1.3718012749362822
0.1812487548440389
0.9623139893046906
0.9316196886029342
0.08574441245228082
0.6967093574126992
1.3809965895742895
1.4913067438040901
1.1182034192331276
0.5375748623134049
0.3037287923414165
0.8589802469204599
0.2804943204009147
0.36007621862797423
0.44518775957564705
1.4832246849673583
1.2258002617719606
0.7857243702148633
