1.507832891591744
1.4842597833134064
0.8716371613484544
1.4581107997940448
0.6037041555242251
0.18672950083833717
0.7776825213088783
1.9114935370451804
1.0608867278315133
0.18858606425902646
1.335456083260993
1.3626984010517669
0.7286376476126271
0.5847345280136982
0.11143619337954158
0.6733726070521873
1.0736959678989213
1.4603237746502704
0.9724331475996215
0.10961338779207397
1.9178033040807398
0.11136806601888649
0.6620562190862258
1.7966326204069154
1.7955629612250834
0.34680013096356177
1.8241989853248954
1.761040814995118
0.4779700931053994
0.8081337165559259
0.03815444110099753
1.9430261965475717
0.6740814621698541
1.5242340248317006
0.3493125269722377
0.9824598975185088
0.5933592386211437
1.9127709819653065
0.7692214616056594
0.009410486225064574
0.3363007177974704
0.38403055942240316
0.5163395109860134
0.016637587809460008
0.6531866471030416
1.7421624725452247
0.1150771066624885
1.5616646822362994
0.499375162469335
