0.9842164380067637
0.6353555343297419
1.0445513757688927
0.7510247130610535
0.2671098404294763
0.7008905585065057
0.8435227012973456
0.48686398942787656
0.36477457644845623
1.8019568841721654
1.905228377875377
1.948278697127137
1.5741231421455737
1.4479654232935273
0.70066992863724
1.4033571455783274
1.174544288087116
1.3819992735044138
1.1367644720493
0.7703246547476166
0.6697387940161028
1.001955056217244
0.49198305716706825
1.886476111557247
1.7856658072070979
1.048518471759559
1.8296521524648552
1.473908815223202
0.2577531338280492
1.6239440932912843
0.8228539745099339
