1.3572856374337734
1.899437707835629
1.6603534883191933
1.1301859424448075
1.1996115433028374
0.6524714514130356
0.4012320089434853
1.3360218185415995
0.7162522449598585
0.6951892699434836
0.25817618556934807
1.9835903415085538
1.2832386869050998
0.3572063656672002
1.9616610459700579
1.9512813735098202
1.7571031345641939
0.7069643101438783
1.9865854419833635
0.02334077652939781
1.2329174230823146
1.4038466398223295
0.9345518585453205
1.4194435435005306
1.7248995033654535
1.8197067167611598
1.6277484548258796
0.4452164672349972
0.24545164885554227
0.6846473073646906
1.7005123242197224
1.3797971629822472
0.24218660918406743
1.112193834243849
1.7678524151005703
0.49309151682721764
1.12882672595628
1.7533237718750678
1.4213424099816176
0.8555618087834511
1.171613382697465
0.7537490766569244
1.5209465803470001
1.761868762972536
1.4651169470313192
0.8391971360669213
0.0589477326801946
1.268230209012506
0.20024139564320853
0.8677541432546798
0.5347481496817594
0.6017000188459409
1.5405610233763487
1.2811394894448407
1.1437157157631135
1.468291171961532
1.1564944993021888
0.18941942522171917
0.14053020270912153
0.22337514662913627
1.3309861099652407
1.0389137447091983
1.7721212874092584
1.277341486187312
1.0803751352909452
0.4933604956872206
0.7477846776223642
1.762682252754062
0.9057205627705383
1.1269820206708943
0.8423876791486014
1.5885584742974568
0.18165301596794636
0.660233613864118
0.06158116413003434
0.2890588149955189
