1.7668613578711607
1.3223610537132
1.5459196973002491
0.3860416170139005
1.0677135333674523
1.8349470689247713
0.3119319176468829
1.0676306655854138
1.3229515721754495
0.3063390436169011
0.9395455915856008
1.2823670673849397
1.331019376736681
1.7542379589212764
1.9600968650509647
0.8102483213070193
1.1740433173356037
1.053640793923024
0.627194337848588
0.933372552684316
0.3556120939551799
1.8842563286704381
0.2530772104045069
0.3212297253211207
1.5618139450110022
0.6868556983782081
1.0610455169877486
0.2005233980432557
1.5984774851263457
0.13491292729785842
0.06491124087322042
0.8215516552088227
0.5995997571309717
1.084255826139068
1.338435247606069
1.862708607685434
1.3169701115794208
0.433525478385699
0.8789378120341476
0.5163527530280283
