0.14028917428274257
1.3399268716736166
1.6116247130290384
1.738259056808384
1.9037663772175528
0.5060721906851811
0.2733840887598702
0.41536312957935984
0.07641397352014234
1.338653467891775
1.5198978808937977
0.2641797404261612
1.6159750224292844
1.5588880427158687
0.6694670674183434
0.32919230067133887
0.9689011349221226
1.5409552108190105
0.5607947577688202
1.2769156270072775
0.33073466139553
1.5359590351007495
1.496526613626875
0.9743671401017009
0.5797647280979206
0.8582849880395629
1.9052622364047904
1.2816210567259305
1.3080015190645495
0.5414047260316868
0.43735142244628644
