1.4630433717310107
0.8996670796193795
0.23875010110415706
0.1872203134360917
1.8085274501649895
1.7119597244437585
1.2447748544943984
1.0192364014021265
1.3033303044853395
1.442516771971429
1.623758347253502
0.7027983966308424
1.4363674599854428
0.08966817747136302
0.11324336873067065
0.5741756482989335
0.7727456372632013
0.5817026984302998
0.3573273067531586
1.1651151722059825
0.1045443265427708
1.2276008283988555
1.3265083470990917
0.09076313065777519
0.5701864958989962
1.1585146202636025
0.5130309960885118
0.7851785027667444
0.27390898072283587
1.3808295987612316
0.8256476284229013
0.27416568602781055
0.5219109277328702
0.9251462174898548
1.7274289680890296
1.9620694681194562
1.9123232709601803
1.8651401737708455
1.611624783039439
0.845264062745573
1.1688725010498646
1.607741920575061
1.3748766004580193
1.2404456657977745
1.4590034904508418
1.6445717601515262
1.2345115067706716
1.4821511629271868
1.9569527978611827
