1.0	-0.7023991838459754	0.2461786579752954	-0.09643070816692137	0.09568761952212902	-0.46450407361047763	0.310905842729735	-0.31513210131416064	0.10207821881583025	-0.06578850461808067	0.1816892412090914	-0.19165333763398384	0.11632446554529471	-0.10745314787867807	0.06199578769849692	-0.15290285183995325	0.12221538758832098	-0.0844033941453504	0.07573653648513708	-0.07638143353676834	0.05833697917543286	-0.07824828396662879	0.075840873777208	-0.07109801337659215	0.07222783682134808	-0.06005050026572451	0.0740403938004113	-0.08518483929967496	0.06049174023358749	-0.10211920787834759
-0.7023991838459754	0.9999999999999999	-0.40695286778107875	0.08375176318331828	-0.08236317897859173	0.2715530838710752	-0.4518824117886265	0.2679794505340329	-0.09055401573448228	0.05350467354841679	-0.144165585891213	0.14702893671388315	-0.09428746255150458	0.08519310819405711	-0.05062378931754956	0.1097653375966039	-0.09763744430719203	0.06576980730792169	-0.0596776126228646	0.059320806107561554	-0.04378958959123224	0.05948140590807678	-0.059007505315419484	0.054665727694187594	-0.05632951590126974	0.04417863580011609	-0.05721143439860639	0.0642341019523839	-0.04599559573528848	0.07645035534925958
0.2461786579752954	-0.40695286778107875	1.0	-0.16447694259502227	0.11906776175888056	-0.16042067375561828	0.19625056319464906	-0.825563703271874	0.15932242247200631	-0.07995320830246702	0.0918538724807097	-0.09853336247801109	0.10176119187689284	-0.12367081072396086	0.07077284001664687	-0.07982774870255362	0.07071433003396412	-0.06928346082796419	0.0687228202734535	-0.07063538566683657	0.03680982260055971	-0.05541190831433224	0.0611104300003052	-0.06007435884621642	0.06256893512136401	-0.037608597404281255	0.05329991780898065	-0.0700659071670323	0.05027174409819165	-0.08622637387465051
-0.09643070816692137	0.08375176318331828	-0.16447694259502227	1.0	-0.5436821794076137	0.06503234006051722	-0.07810668208396607	0.16108188928968092	-0.7356507889799323	0.2081954387961126	-0.053355092141177674	0.05762361785621831	-0.1252345997957117	0.25942140039551265	-0.18089499040031376	0.05556808264810356	-0.05371692097533948	0.08889481079708049	-0.11461001334328054	0.11738104286312856	-0.03545373128154553	0.06185912437516349	-0.08160441313030398	0.08536770131869208	-0.09616449509831292	0.03603852610321966	-0.061404810441080315	0.09228050593366678	-0.06857042882566236	0.11686055304576873
0.09568761952212902	-0.08236317897859173	0.11906776175888056	-0.5436821794076137	1.0	-0.07712319819353045	0.08501686113033705	-0.13996556366238938	0.3122443734265736	-0.4552229039836927	0.07286392025653364	-0.08113123180067636	0.19459553136284366	-0.4666223670895623	0.2749307830307145	-0.08400602228212832	0.08146231315551332	-0.15055420210457277	0.18876928845832833	-0.2163102464640287	0.05838769256461658	-0.10670762798898195	0.13938751162677984	-0.15348311338540752	0.16473133591781378	-0.060186272219668484	0.1044608932181453	-0.1732545407798068	0.1265004743621876	-0.2274937114507442
-0.46450407361047763	0.2715530838710752	-0.16042067375561828	0.06503234006051722	-0.07712319819353045	1.0	-0.6692876267457516	0.1689513075690285	-0.07251968241532732	0.05053309221896996	-0.420763407728964	0.2555619298414887	-0.1210740006819953	0.08374341116380006	-0.050599187387384524	0.1945256122570022	-0.1731490181216714	0.08741627621860759	-0.07296779540298542	0.06972967907241324	-0.06892473861032716	0.08561641564998025	-0.07838978016650225	0.06845880097947692	-0.06978967419358535	0.06739983945942417	-0.08290324713937326	0.07982846192406741	-0.05722376646613986	0.0912896203337831
0.310905842729735	-0.4518824117886265	0.19625056319464906	-0.07810668208396607	0.08501686113033705	-0.6692876267457516	0.9999999999999993	-0.24741920024086034	0.08535076253920625	-0.05741311554061927	0.2565546807997604	-0.33967981503846584	0.1245123532796121	-0.09530185643777367	0.05617482586284536	-0.20485745967554972	0.1713793587397373	-0.09315549797879562	0.07765105061433394	-0.07593157054999337	0.07005437198348516	-0.09050620120939357	0.08211274204491364	-0.07360609363683436	0.07396096942226921	-0.07130061901113603	0.08460766235718906	-0.08701343216610141	0.061788108204375955	-0.1008585707985796
-0.31513210131416064	0.2679794505340329	-0.825563703271874	0.16108188928968092	-0.13996556366238938	0.1689513075690285	-0.24741920024086034	1.0000000000000004	-0.2192221368929665	0.08860361842375528	-0.10512169044333897	0.1076882994941049	-0.12502150230952497	0.13397977465035366	-0.0811593366676014	0.08721879032604991	-0.08022801505802112	0.07851543567320005	-0.0778197749651647	0.07824678718872442	-0.041132253880830666	0.06173167493749574	-0.06917491288326935	0.06689834741531307	-0.07059836852883428	0.041575442077603796	-0.06008074620068312	0.07692623083780864	-0.05555886652736912	0.09380112442973185
0.10207821881583025	-0.09055401573448228	0.15932242247200631	-0.7356507889799323	0.3122443734265736	-0.07251968241532732	0.08535076253920625	-0.2192221368929665	1.000000000000001	-0.2754416174711706	0.06054968316447092	-0.06626640712346066	0.14523840114660558	-0.42809618580405456	0.20498241760337427	-0.0647668014085006	0.06257071449969769	-0.10869226994562389	0.14187291999687773	-0.1470642484895188	0.041665392808033386	-0.0738614949606258	0.09760162990042905	-0.10425143683375968	0.11438528437980808	-0.04254350353405591	0.07258050142686831	-0.11199401424973403	0.08283991531300783	-0.14235803364957927
-0.06578850461808067	0.05350467354841679	-0.07995320830246702	0.2081954387961126	-0.4552229039836927	0.05053309221896996	-0.05741311554061927	0.08860361842375528	-0.2754416174711706	0.9999999999999993	-0.049066538309928305	0.05399643531656971	-0.14526469806811293	0.28700905992682324	-0.7671058394109926	0.05530791470772259	-0.05520641794699833	0.10545168822456015	-0.14979715207127217	0.1696363616849741	-0.03856604933408118	0.06960637415120371	-0.09826915924705494	0.10377501555415958	-0.13185875862827212	0.03893209868024562	-0.06990818965601796	0.1040559731933132	-0.07950742203348138	0.1297618301954181
0.1816892412090914	-0.144165585891213	0.0918538724807097	-0.053355092141177674	0.07286392025653364	-0.420763407728964	0.2565546807997604	-0.10512169044333897	0.06054968316447092	-0.049066538309928305	1.0000000000000024	-0.6352253169785279	0.1472301645096994	-0.08545213627227775	0.05155756649884332	-0.5040645334208903	0.29821456503560617	-0.1193009928634846	0.08922450860259933	-0.08335671844160561	0.11057660920876937	-0.12550578415792565	0.10239340706875107	-0.08599589188469543	0.08438794160856934	-0.11090222992187343	0.11464832285276627	-0.10015447192061265	0.0708848413355776	-0.1101989342552277
-0.19165333763398384	0.14702893671388315	-0.09853336247801109	0.05762361785621831	-0.08113123180067636	0.2555619298414887	-0.33967981503846584	0.1076882994941049	-0.06626640712346066	0.05399643531656971	-0.6352253169785279	1.0000000000000009	-0.1938230093802992	0.09436155108124712	-0.05757724884281418	0.3166286962524496	-0.5299160565403904	0.14349289431037038	-0.10557965119264175	0.09393331845845719	-0.10480196808213417	0.1389587380358689	-0.12157540919445431	0.09694154374563922	-0.09648650144065951	0.09904725505553055	-0.13284555261794728	0.10950702217024491	-0.07871794189293248	0.11904257190532173
0.11632446554529471	-0.09428746255150458	0.10176119187689284	-0.1252345997957117	0.19459553136284366	-0.1210740006819953	0.1245123532796121	-0.12502150230952497	0.14523840114660558	-0.14526469806811293	0.1472301645096994	-0.1938230093802992	1.0000000000000004	-0.30058976361216905	0.1573086610457019	-0.18971734147920336	0.18625399692720046	-0.5375854930977355	0.2854119728775382	-0.3013963679666367	0.11868764935177911	-0.23406564975052357	0.295190999209087	-0.29238999765388074	0.2597229121937564	-0.12487567382385653	0.20746628197689648	-0.361005171917969	0.24222986708409971	-0.4356037162978783
-0.10745314787867807	0.08519310819405711	-0.12367081072396086	0.25942140039551265	-0.4666223670895623	0.08374341116380006	-0.09530185643777367	0.13397977465035366	-0.42809618580405456	0.28700905992682324	-0.08545213627227775	0.09436155108124712	-0.30058976361216905	1.000000000000001	-0.456251618350002	0.09654534370668451	-0.09889552923787079	0.20142656684234042	-0.35913305599010314	0.24961614433380183	-0.06709206685347252	0.12064859112214206	-0.1789483882527418	0.17811662200695055	-0.21274214363595625	0.06703774210097523	-0.12218727166596638	0.17185760749024082	-0.1333597817667716	0.20683920055643817
0.06199578769849692	-0.05062378931754956	0.07077284001664687	-0.18089499040031376	0.2749307830307145	-0.050599187387384524	0.05617482586284536	-0.0811593366676014	0.20498241760337427	-0.7671058394109926	0.05155756649884332	-0.05757724884281418	0.1573086610457019	-0.456251618350002	1.0000000000000002	-0.0603066868139853	0.06035073961585604	-0.12370710392146003	0.1799584787461204	-0.24824198626639385	0.04248568643973096	-0.07846315675373623	0.11130950631236472	-0.12206078895835545	0.14919271855855282	-0.043110875216338815	0.07758530227561831	-0.1196342423489464	0.09082292656427424	-0.14969138961326744
-0.15290285183995325	0.1097653375966039	-0.07982774870255362	0.05556808264810356	-0.08400602228212832	0.1945256122570022	-0.20485745967554972	0.08721879032604991	-0.0647668014085006	0.05530791470772259	-0.5040645334208903	0.3166286962524496	-0.18971734147920336	0.09654534370668451	-0.0603066868139853	1.0000000000000002	-0.6919612852234	0.15990040901369484	-0.11838334564450233	0.10168780636870313	-0.20242771394216336	0.17482066554085118	-0.14181710937767247	0.1080691879874506	-0.10842247442214252	0.1571410458411434	-0.1727421024092834	0.12050193887716261	-0.08734324426611248	0.1258658897844345
0.12221538758832098	-0.09763744430719203	0.07071433003396412	-0.05371692097533948	0.08146231315551332	-0.1731490181216714	0.1713793587397373	-0.08022801505802112	0.06257071449969769	-0.05520641794699833	0.29821456503560617	-0.5299160565403904	0.18625399692720046	-0.09889552923787079	0.06035073961585604	-0.6919612852234	0.999999999999999	-0.21505633352500983	0.12476784843723354	-0.10845529610535391	0.1429329641299226	-0.22097640240296396	0.15144491945698102	-0.11575143764571512	0.11009537557166749	-0.1405254764584528	0.16815551272106552	-0.12743803827573533	0.09062631597011073	-0.13227067005876159
-0.0844033941453504	0.06576980730792169	-0.06928346082796419	0.08889481079708049	-0.15055420210457277	0.08741627621860759	-0.09315549797879562	0.07851543567320005	-0.10869226994562389	0.10545168822456015	-0.1193009928634846	0.14349289431037038	-0.5375854930977355	0.20142656684234042	-0.12370710392146003	0.15990040901369484	-0.21505633352500983	0.9999999999999991	-0.477329220625782	0.25656448578016927	-0.09916844746463503	0.19616502016793744	-0.5232380130146653	0.2624790344372502	-0.2508423552658905	0.09655940425813418	-0.1848225731277272	0.231910419585874	-0.17713758899637358	0.2397306942879399
0.07573653648513708	-0.0596776126228646	0.0687228202734535	-0.11461001334328054	0.18876928845832833	-0.07296779540298542	0.07765105061433394	-0.0778197749651647	0.14187291999687773	-0.14979715207127217	0.08922450860259933	-0.10557965119264175	0.2854119728775382	-0.35913305599010314	0.1799584787461204	-0.11838334564450233	0.12476784843723354	-0.477329220625782	1.0000000000000022	-0.6078704890535596	0.07907664020848361	-0.15759892482971344	0.2578919891956466	-0.3175227430322739	0.2857388695383091	-0.07971300860629058	0.1473839816572901	-0.22430931654374886	0.17512497199411142	-0.2550197731612854
-0.07638143353676834	0.059320806107561554	-0.07063538566683657	0.11738104286312856	-0.2163102464640287	0.06972967907241324	-0.07593157054999337	0.07824678718872442	-0.1470642484895188	0.1696363616849741	-0.08335671844160561	0.09393331845845719	-0.3013963679666367	0.24961614433380183	-0.24824198626639385	0.10168780636870313	-0.10845529610535391	0.25656448578016927	-0.6078704890535596	0.9999999999999983	-0.07562473281031713	0.1432709620879357	-0.24542517353656076	0.26775166884993296	-0.5465831598993387	0.0746652193215809	-0.14549831089269225	0.2016827608357904	-0.1699480411978721	0.23523611792431218
0.05833697917543286	-0.04378958959123224	0.03680982260055971	-0.03545373128154553	0.05838769256461658	-0.06892473861032716	0.07005437198348516	-0.041132253880830666	0.041665392808033386	-0.03856604933408118	0.11057660920876937	-0.10480196808213417	0.11868764935177911	-0.06709206685347252	0.04248568643973096	-0.20242771394216336	0.1429329641299226	-0.09916844746463503	0.07907664020848361	-0.07562473281031713	0.9999999999999996	-0.27559231337540796	0.11559463854161715	-0.09219245663947104	0.0849508406016004	-0.8950866369194062	0.2293462277073735	-0.11738826570653636	0.07888551660997688	-0.11055006743982515
-0.07824828396662879	0.05948140590807678	-0.05541190831433224	0.06185912437516349	-0.10670762798898195	0.08561641564998025	-0.09050620120939357	0.06173167493749574	-0.0738614949606258	0.06960637415120371	-0.12550578415792565	0.1389587380358689	-0.23406564975052357	0.12064859112214206	-0.07846315675373623	0.17482066554085118	-0.22097640240296396	0.19616502016793744	-0.15759892482971344	0.1432709620879357	-0.27559231337540796	0.9999999999999979	-0.34636667323033976	0.19015427994847636	-0.17435874157913606	0.22214152151200023	-0.7660394642633434	0.22523925598499406	-0.15982598982358487	0.19383458718452068
0.075840873777208	-0.059007505315419484	0.0611104300003052	-0.08160441313030398	0.13938751162677984	-0.07838978016650225	0.08211274204491364	-0.06917491288326935	0.09760162990042905	-0.09826915924705494	0.10239340706875107	-0.12157540919445431	0.295190999209087	-0.1789483882527418	0.11130950631236472	-0.14181710937767247	0.15144491945698102	-0.5232380130146653	0.2578919891956466	-0.24542517353656076	0.11559463854161715	-0.34636667323033976	0.9999999999999972	-0.5150608330463389	0.2684371829801547	-0.1148478100747592	0.23824399587746678	-0.37007435597699306	0.24132729854905827	-0.29408758809368774
-0.07109801337659215	0.054665727694187594	-0.06007435884621642	0.08536770131869208	-0.15348311338540752	0.06845880097947692	-0.07360609363683436	0.06689834741531307	-0.10425143683375968	0.10377501555415958	-0.08599589188469543	0.09694154374563922	-0.29238999765388074	0.17811662200695055	-0.12206078895835545	0.1080691879874506	-0.11575143764571512	0.2624790344372502	-0.3175227430322739	0.26775166884993296	-0.09219245663947104	0.19015427994847636	-0.5150608330463389	0.9999999999999963	-0.5645445412151295	0.08946563237779714	-0.19643687536872662	0.28521785729505544	-0.38281156831529123	0.28991873022831594
0.07222783682134808	-0.05632951590126974	0.06256893512136401	-0.09616449509831292	0.16473133591781378	-0.06978967419358535	0.07396096942226921	-0.07059836852883428	0.11438528437980808	-0.13185875862827212	0.08438794160856934	-0.09648650144065951	0.2597229121937564	-0.21274214363595625	0.14919271855855282	-0.10842247442214252	0.11009537557166749	-0.2508423552658905	0.2857388695383091	-0.5465831598993387	0.0849508406016004	-0.17435874157913606	0.2684371829801547	-0.5645445412151295	0.9999999999999971	-0.08646026344716361	0.1661569046532822	-0.29316232890922117	0.245019909526674	-0.3832336947302579
-0.06005050026572451	0.04417863580011609	-0.037608597404281255	0.03603852610321966	-0.060186272219668484	0.06739983945942417	-0.07130061901113603	0.041575442077603796	-0.04254350353405591	0.03893209868024562	-0.11090222992187343	0.09904725505553055	-0.12487567382385653	0.06703774210097523	-0.043110875216338815	0.1571410458411434	-0.1405254764584528	0.09655940425813418	-0.07971300860629058	0.0746652193215809	-0.8950866369194062	0.22214152151200023	-0.1148478100747592	0.08946563237779714	-0.08646026344716361	0.9999999999999969	-0.30874934934750997	0.11495490046891586	-0.07921126408939545	0.1060348172832363
0.0740403938004113	-0.05721143439860639	0.05329991780898065	-0.061404810441080315	0.1044608932181453	-0.08290324713937326	0.08460766235718906	-0.06008074620068312	0.07258050142686831	-0.06990818965601796	0.11464832285276627	-0.13284555261794728	0.20746628197689648	-0.12218727166596638	0.07758530227561831	-0.1727421024092834	0.16815551272106552	-0.1848225731277272	0.1473839816572901	-0.14549831089269225	0.2293462277073735	-0.7660394642633434	0.23824399587746678	-0.19643687536872662	0.1661569046532822	-0.30874934934750997	0.9999999999999969	-0.3187535037495533	0.1788059443881476	-0.2371984114429896
-0.08518483929967496	0.0642341019523839	-0.0700659071670323	0.09228050593366678	-0.1732545407798068	0.07982846192406741	-0.08701343216610141	0.07692623083780864	-0.11199401424973403	0.1040559731933132	-0.10015447192061265	0.10950702217024491	-0.361005171917969	0.17185760749024082	-0.1196342423489464	0.12050193887716261	-0.12743803827573533	0.231910419585874	-0.22430931654374886	0.2016827608357904	-0.11738826570653636	0.22523925598499406	-0.37007435597699306	0.28521785729505544	-0.29316232890922117	0.11495490046891586	-0.3187535037495533	0.9999999999999969	-0.6407083660357775	0.3219437584979324
0.06049174023358749	-0.04599559573528848	0.05027174409819165	-0.06857042882566236	0.1265004743621876	-0.05722376646613986	0.061788108204375955	-0.05555886652736912	0.08283991531300783	-0.07950742203348138	0.0708848413355776	-0.07871794189293248	0.24222986708409971	-0.1333597817667716	0.09082292656427424	-0.08734324426611248	0.09062631597011073	-0.17713758899637358	0.17512497199411142	-0.1699480411978721	0.07888551660997688	-0.15982598982358487	0.24132729854905827	-0.38281156831529123	0.245019909526674	-0.07921126408939545	0.1788059443881476	-0.6407083660357775	0.9999999999999964	-0.5796997082613231
-0.10211920787834759	0.07645035534925958	-0.08622637387465051	0.11686055304576873	-0.2274937114507442	0.0912896203337831	-0.1008585707985796	0.09380112442973185	-0.14235803364957927	0.1297618301954181	-0.1101989342552277	0.11904257190532173	-0.4356037162978783	0.20683920055643817	-0.14969138961326744	0.1258658897844345	-0.13227067005876159	0.2397306942879399	-0.2550197731612854	0.23523611792431218	-0.11055006743982515	0.19383458718452068	-0.29408758809368774	0.28991873022831594	-0.3832336947302579	0.1060348172832363	-0.2371984114429896	0.3219437584979324	-0.5796997082613231	0.9999999999999967
