0.2681043028395451
1.7224477017094628
0.1723340260932651
1.2875014543372671
0.052562786923869176
1.058497483994735
1.8468706906270027
1.1120093912640958
1.1613294996599324
1.3213374269119793
1.2557657576759524
1.5774127003284582
0.43133090693611376
0.10618198180425908
1.68032386419712
0.6358806186675383
0.6504966320211802
1.4690674822750305
0.8837283519777355
0.9192921668475869
0.8761182571315049
0.5341845277431623
1.3299136147117512
0.9021465905989872
1.235103789837828
1.0186236353448677
1.3946811292815555
1.9120743460549203
0.31856439286519356
0.07798380853885822
0.016964657663198324
1.7383252954336346
0.7402911154775698
0.012664977020375279
0.882383981693144
1.3856152883147121
0.07576084756560997
0.9156410926922907
0.5546504520551481
1.2318645900073988
1.4547179424314907
0.42591773070364924
0.4302899514949434
0.05358005610921568
0.6945859580163738
0.9254912943731348
1.8432537964871414
1.3789903626708702
1.00044390978594
0.9238355555846174
0.2198842114852133
0.9348914297416786
1.9293120380255
0.7596048975262009
1.2314843318974606
1.274843007045816
1.3144234376392872
1.137025436767582
0.2607853364694366
0.4121996997706612
1.6650855324777956
0.10484020984548481
1.0220301151103999
1.3790013458028074
0.42331707633994897
1.1385455854239601
0.9639236078774451
