0.92161993439557
1.6459121064896993
0.24561450347337033
1.1788169966608804
0.45954004645597735
1.9809348616340858
1.4689153075168426
0.6442908502605302
1.5330817562497625
0.2546978578170762
0.1482362224026481
0.5067940153869204
0.6522310760015806
0.834804352971195
0.16189088137290497
0.31786597240316894
0.34039019803002635
0.32797508595009406
1.5340364441379384
0.22504310322432897
0.7645431479506763
0.8439289283754383
0.07434497217236569
1.2320303479100567
1.3017009440200238
0.2953068378504131
0.09987928702710391
1.2497265856744955
1.0256504465636334
0.21605951720039362
1.6442236498603582
0.020893886946968365
1.1295573658071532
0.7863290691700753
0.07396375399213939
1.1120308814538884
1.0800149002562511
1.5164196348885577
0.6259483988774477
1.7369774819676627
0.11274453732530443
0.7812574166465658
0.7280282310504376
0.8703052997517973
0.6118097787011263
1.9247014954185397
0.48005961864782254
1.8371081439479857
0.07378921319458298
1.2936767445593333
0.7237550652248559
1.1390530334210744
1.1010655340550315
1.050715968793729
0.14260925876064867
0.03520523284969279
0.9356592577088554
0.5899806944963628
