0.02465411630294012
1.6301842117682583
0.15142850663113538
0.6361012990102362
0.9840529359828514
0.6998850874122198
0.5835974939608701
1.2903809191108735
1.6713762615557024
0.5406651034358267
1.0981036261366777
0.8631400012311436
1.6764447165241467
1.7510455222684373
1.0497905219386205
1.1946170501709474
1.1537879984646007
1.0510503501026425
0.818332478654213
1.0280973657134975
1.9693025507321416
0.8603923559610145
1.6486867842906712
1.354725823749655
0.9843046767357366
1.8063421384866802
1.0149668663121068
1.686015080004192
1.0487287154968752
1.9348347746426278
1.186008407368854
