0.3778504566424461
1.8612430099891664
0.3079419308129885
0.6867000652240671
1.9441768894941514
1.1025248712230908
0.5982083859776388
1.0033599725289832
0.1530241607465057
1.5462517293447195
1.5143010654197737
0.446742982742808
1.0932880511061236
1.4132484642520562
1.8202185158547954
0.7802561133234445
1.0360124763869378
1.0026372189515445
0.7993525035682056
0.6673593492912251
0.35081990155017495
1.1918847668776813
1.8741224212680518
0.8064693093393425
1.929380209511491
0.029843274151092558
1.9391648182577081
0.707601100780503
0.8785247092911623
0.5140726932190343
0.5526860555484414
1.9562976352577413
1.13263423845323
0.20695917297954525
0.8846438852869203
0.5043697991191096
1.6814230486733326
1.2386904156722882
0.4173128095522607
0.07918285449876361
1.5291103719325414
1.9603974227980867
0.4340898856818405
0.2704527069620686
1.3848267199593947
1.5092956014665617
1.0028755479148264
1.4473093945430526
1.137271230443726
