1.2677389183047199
0.6987815748833555
0.6988077616986197
1.602378355057867
1.069515729995873
0.6880811861803209
1.1383419057846065
0.13929459226469065
0.11660737682242672
1.1189420915845116
1.2175866738274754
0.9443263099901276
1.2038553080645378
0.9101771217551335
1.8720625440928025
0.1632656169486335
0.6890455388365635
0.38651213315407507
1.1722500025649216
0.8562121082553631
0.5090410458004815
0.23222775482083557
0.8713004734443719
1.0785202075900937
1.9711942389550248
1.6330993303292316
0.7197834461527113
0.31099081077062785
1.3801968874321657
0.17404263846596946
1.163820045364862
0.00931348833084833
0.5330220704681614
0.5609041439331177
0.5831603095935605
1.3573580561151983
1.6150169103086505
0.6486520250076064
1.4834049715235849
1.7040678217847187
1.6962695347596846
0.5580395937530702
0.48587980072497094
0.4378785318212781
0.0592448422465357
0.1502893140231758
1.2879129785694943
0.7045928745690602
1.1290936294267921
