0.7551168563242086
1.3746546478704782
1.2468117829323293
0.7047901878154432
1.7048790252626809
0.9019591534184657
0.26552941699537014
0.4939900164994362
0.16646314472500867
1.108253171974213
1.790416476881453
0.310401323183382
1.7337380195646732
1.9550305384814366
1.939939892700337
1.4942025897729714
0.005528534493960624
1.4947436768364355
1.2169284566699674
0.6105466325484263
0.9854186643462137
0.22098316059785494
0.8646603185935873
0.3093938679222865
0.60735995435871
1.0547365263754362
0.06536530502672822
1.5698045941155971
0.7181499610960271
1.9269767736845078
0.19149573328657832
1.914450202670115
1.2469130208753763
0.6864104819822217
1.921146961688085
0.31092022709962075
0.39715640844377065
0.3901785938396607
0.5492001317599531
0.5309582267855837
1.1577536449144623
1.5409013399726428
0.7435992343202638
0.7058627993372015
1.4756656996051314
0.4479053194357645
0.7057728586181247
0.2053913553177087
0.3341250733489427
0.08005010862768458
1.472924936714333
0.1666566121559514
1.9386170332540424
0.19690943054190502
0.6832074835323914
1.262414735390029
0.7259239910808959
0.6182839413517125
1.4898601090093249
0.22865797870519478
0.38934678703294123
1.1023787419303512
1.803550632391754
0.7464881583067808
0.3125683182085477
1.8242570579693598
1.4898743623189263
