1.0000000000000002	-0.17112057460093813	0.09075048222403705	-0.11282096828025923	0.07333323061738409	-0.9171529018907331	0.1572357575662634	-0.11256010225037076	0.09280798161826208	-0.052337655962922836	0.2065483798351507	-0.2123798072705097	0.09790630544034942	-0.0830939755384721	0.052244449682784744	-0.05630188089013973	0.09980352195017425	-0.09650184213548146	0.07434688309854107	-0.07255733488412079	0.051741359574143955	-0.07217984269853758	0.0666420727249837	-0.10218181812059873	0.041407075837059236
-0.17112057460093813	1.0000000000000007	-0.3701523565752848	0.2381694370699354	-0.1146656320003964	0.14253772986351615	-0.8013100251717212	0.26021448240752687	-0.21406959083876112	0.08224773883202861	-0.20501234004180247	0.18525027366289523	-0.192233464041155	0.14265168186567923	-0.08271242358751561	0.061701084878851155	-0.12351533370542284	0.11653003819869359	-0.11006074994220626	0.10126811783606585	-0.06267778932244902	0.07796216513512301	-0.08597929006831304	0.12565489977480207	-0.054869430547667505
0.09075048222403705	-0.3701523565752848	1.0000000000000004	-0.7086862694687305	0.11606719930254963	-0.07904112516358384	0.25084226008153493	-0.4846804682483062	0.26309721824883664	-0.09065836725130445	0.11986813525805197	-0.11495468506969	0.21346870074682356	-0.174352808256844	0.08886568708572656	-0.05287925772624923	0.1038551729237714	-0.11272112799005711	0.11676235074733879	-0.10882027563597046	0.05489516930433221	-0.06931354793030964	0.08001776666217117	-0.13249349743435326	0.0546515829664591
-0.11282096828025923	0.2381694370699354	-0.7086862694687305	1.0000000000000002	-0.16603492303801662	0.09290114831402616	-0.25627345979475213	0.3106042591318814	-0.44860809386453193	0.1228884262915216	-0.15206351876633045	0.13473317202040655	-0.2792498880030355	0.21631849482458868	-0.12238053808387535	0.06885951564855952	-0.13784121811425595	0.14189950688582179	-0.1550433285177685	0.14012133734755267	-0.07331710988125728	0.08946974770066018	-0.1069241894188681	0.1652726698945317	-0.07380073458208652
0.07333323061738409	-0.1146656320003964	0.11606719930254963	-0.16603492303801662	0.999999999999999	-0.06371059847667782	0.10633883273976337	-0.16447318636438857	0.20249949753850535	-0.5502902470734552	0.10614353241957518	-0.10127821950850162	0.18128138526153692	-0.20071342823603827	0.3020859836166362	-0.07635359529633372	0.13808365796208344	-0.16251991766646248	0.2637561472595212	-0.4313920192995708	0.07942567806931736	-0.10617501628863357	0.12048710591995235	-0.4830617921589089	0.2095063178416363
-0.9171529018907331	0.14253772986351615	-0.07904112516358384	0.09290114831402616	-0.06371059847667782	0.9999999999999992	-0.16825666971650485	0.09735580773186127	-0.08207216356218289	0.04458538691727532	-0.2713000343360892	0.18581723399733133	-0.08749919562085695	0.07116052870638544	-0.04484831431114268	0.048741554507997574	-0.09062148861416981	0.08212236565345137	-0.06353592598414494	0.060823765079411646	-0.04573131636796031	0.0611498652355387	-0.05809489178898662	0.08354204367633591	-0.03492135094477395
0.1572357575662634	-0.8013100251717212	0.25084226008153493	-0.25627345979475213	0.10633883273976337	-0.16825666971650485	1.0	-0.35129665286352113	0.19427173093276612	-0.07997399294684031	0.1962679070009573	-0.24794768461950673	0.1833124437744348	-0.14523401321547133	0.07926483058605675	-0.062357222672625515	0.12177194844490821	-0.11937608236432341	0.10759012396658756	-0.10133591699279848	0.06117327435566119	-0.07909904662832448	0.08363388430022234	-0.12881216260300682	0.05287682876287454
-0.11256010225037076	0.26021448240752687	-0.4846804682483062	0.3106042591318814	-0.16447318636438857	0.09735580773186127	-0.35129665286352113	1.0000000000000002	-0.48481959523728324	0.12971944484886003	-0.16121770586160034	0.15320226646990964	-0.47905546348646194	0.26865385048854185	-0.13028866669376984	0.07612067761750084	-0.15504129446216144	0.1699614723094383	-0.17409555973344334	0.15291783442160306	-0.08032309767555727	0.09991594968912962	-0.12088877105356864	0.18141211685898803	-0.07518029654756253
0.09280798161826208	-0.21406959083876112	0.26309721824883664	-0.44860809386453193	0.20249949753850535	-0.08207216356218289	0.19427173093276612	-0.48481959523728324	0.9999999999999982	-0.21940518863214245	0.1335883995691487	-0.13208384928753378	0.31197483966085454	-0.5376914036204425	0.1825729222020721	-0.07588074715659308	0.145902083302367	-0.17575636398224462	0.22654731977998346	-0.22111470654238824	0.07879329897730762	-0.10251764011116767	0.11911128243770813	-0.2557017133604283	0.09399825326062394
-0.052337655962922836	0.08224773883202861	-0.09065836725130445	0.1228884262915216	-0.5502902470734552	0.04458538691727532	-0.07997399294684031	0.12971944484886003	-0.21940518863214245	0.9999999999999988	-0.07788803120357135	0.07239208709770761	-0.15436001953835643	0.1746305510808803	-0.7080298868770338	0.05212453736372966	-0.10012979760936533	0.11279873016751556	-0.20248478449796467	0.2822879496288917	-0.05566578969879721	0.07056603322981156	-0.08455259180332536	0.22748992966152484	-0.11678210144272419
0.2065483798351507	-0.20501234004180247	0.11986813525805197	-0.15206351876633045	0.10614353241957518	-0.2713000343360892	0.1962679070009573	-0.16121770586160034	0.1335883995691487	-0.07788803120357135	0.9999999999999996	-0.8306861239365524	0.16227492099637977	-0.1342233467370443	0.07838223935034955	-0.11652520489766997	0.2066579266372314	-0.18688729189049022	0.11758964140519261	-0.11168806165434737	0.09885931757684638	-0.14087826251760685	0.12070900543182675	-0.15615926281423206	0.05890414009382282
-0.2123798072705097	0.18525027366289523	-0.11495468506969	0.13473317202040655	-0.10127821950850162	0.18581723399733133	-0.24794768461950673	0.15320226646990964	-0.13208384928753378	0.07239208709770761	-0.8306861239365524	0.9999999999999998	-0.1834363178861158	0.1282717722930718	-0.07413658138048075	0.11461242655608649	-0.28751948486101675	0.17795900698479322	-0.11242414115096108	0.10156345318618859	-0.1039071105844174	0.1318103831769397	-0.12191496309611276	0.1363636049342502	-0.05392410489924442
0.09790630544034942	-0.192233464041155	0.21346870074682356	-0.2792498880030355	0.18128138526153692	-0.08749919562085695	0.1833124437744348	-0.47905546348646194	0.31197483966085454	-0.15436001953835643	0.16227492099637977	-0.1834363178861158	0.9999999999999994	-0.6014340820097994	0.1584368125614813	-0.0989407069522221	0.19604942857526944	-0.3195274028161387	0.24223849083541876	-0.2145586000023437	0.10094192608371251	-0.1361510432534788	0.1613182373993281	-0.26228792716811544	0.0909416933742771
-0.0830939755384721	0.14265168186567923	-0.174352808256844	0.21631849482458868	-0.20071342823603827	0.07116052870638544	-0.14523401321547133	0.26865385048854185	-0.5376914036204425	0.1746305510808803	-0.1342233467370443	0.1282717722930718	-0.6014340820097994	1.0000000000000004	-0.21376419941867952	0.08097752864010385	-0.1659232695851763	0.20179357362099298	-0.3866261703359598	0.2284730834745604	-0.08624148690430156	0.10893282796305025	-0.13695520842365394	0.24740970932676654	-0.09247658659445518
0.052244449682784744	-0.08271242358751561	0.08886568708572656	-0.12238053808387535	0.3020859836166362	-0.04484831431114268	0.07926483058605675	-0.13028866669376984	0.1825729222020721	-0.7080298868770338	0.07838223935034955	-0.07413658138048075	0.1584368125614813	-0.21376419941867952	1.0	-0.05433120640635661	0.10325778209689254	-0.12293594226502662	0.22889125285418158	-0.5180430807916736	0.0574466374429032	-0.07435235235817861	0.08821556051552237	-0.26538119191070025	0.1165169082285048
-0.05630188089013973	0.061701084878851155	-0.05287925772624923	0.06885951564855952	-0.07635359529633372	0.048741554507997574	-0.062357222672625515	0.07612067761750084	-0.07588074715659308	0.05212453736372966	-0.11652520489766997	0.11461242655608649	-0.0989407069522221	0.08097752864010385	-0.05433120640635661	1.0	-0.4163244642644484	0.20600620318866028	-0.09188156350539953	0.07922647605862038	-0.8228581071497808	0.2535643578799939	-0.22771518699386184	0.1106325574925165	-0.0414895080832203
0.09980352195017425	-0.12351533370542284	0.1038551729237714	-0.13784121811425595	0.13808365796208344	-0.09062148861416981	0.12177194844490821	-0.15504129446216144	0.145902083302367	-0.10012979760936533	0.2066579266372314	-0.28751948486101675	0.19604942857526944	-0.1659232695851763	0.10325778209689254	-0.4163244642644484	1.0	-0.5849490967453671	0.18106385134138664	-0.15878166490075238	0.2655771429278279	-0.40634821444834934	0.28725469696942213	-0.22120039644279085	0.07627900576064395
-0.09650184213548146	0.11653003819869359	-0.11272112799005711	0.14189950688582179	-0.16251991766646248	0.08212236565345137	-0.11937608236432341	0.1699614723094383	-0.17575636398224462	0.11279873016751556	-0.18688729189049022	0.17795900698479322	-0.3195274028161387	0.20179357362099298	-0.12293594226502662	0.20600620318866028	-0.5849490967453671	0.9999999999999996	-0.2813365401427345	0.17793932926116793	-0.22589929380541018	0.2869141926958963	-0.5083074076230253	0.22572875705690865	-0.08382951352931486
0.07434688309854107	-0.11006074994220626	0.11676235074733879	-0.1550433285177685	0.2637561472595212	-0.06353592598414494	0.10759012396658756	-0.17409555973344334	0.22654731977998346	-0.20248478449796467	0.11758964140519261	-0.11242414115096108	0.24223849083541876	-0.3866261703359598	0.22889125285418158	-0.09188156350539953	0.18106385134138664	-0.2813365401427345	0.9999999999999998	-0.5473357696856278	0.09680005702083065	-0.12790551115008528	0.15821954272032793	-0.5704859187512211	0.13508733765221848
-0.07255733488412079	0.10126811783606585	-0.10882027563597046	0.14012133734755267	-0.4313920192995708	0.060823765079411646	-0.10133591699279848	0.15291783442160306	-0.22111470654238824	0.2822879496288917	-0.11168806165434737	0.10156345318618859	-0.2145586000023437	0.2284730834745604	-0.5180430807916736	0.07922647605862038	-0.15878166490075238	0.17793932926116793	-0.5473357696856278	0.9999999999999996	-0.08634283700522241	0.10646252269948189	-0.13454650870743418	0.30609030824221717	-0.18920499669047303
0.051741359574143955	-0.06267778932244902	0.05489516930433221	-0.07331710988125728	0.07942567806931736	-0.04573131636796031	0.06117327435566119	-0.08032309767555727	0.07879329897730762	-0.05566578969879721	0.09885931757684638	-0.1039071105844174	0.10094192608371251	-0.08624148690430156	0.0574466374429032	-0.8228581071497808	0.2655771429278279	-0.22589929380541018	0.09680005702083065	-0.08634283700522241	0.9999999999999998	-0.39829171998138085	0.22000684078385913	-0.12390339248404539	0.044175424735337476
-0.07217984269853758	0.07796216513512301	-0.06931354793030964	0.08946974770066018	-0.10617501628863357	0.0611498652355387	-0.07909904662832448	0.09991594968912962	-0.10251764011116767	0.07056603322981156	-0.14087826251760685	0.1318103831769397	-0.1361510432534788	0.10893282796305025	-0.07435235235817861	0.2535643578799939	-0.40634821444834934	0.2869141926958963	-0.12790551115008528	0.10646252269948189	-0.39829171998138085	0.9999999999999991	-0.7210596040390211	0.1489463726323327	-0.05672475184318994
0.0666420727249837	-0.08597929006831304	0.08001776666217117	-0.1069241894188681	0.12048710591995235	-0.05809489178898662	0.08363388430022234	-0.12088877105356864	0.11911128243770813	-0.08455259180332536	0.12070900543182675	-0.12191496309611276	0.1613182373993281	-0.13695520842365394	0.08821556051552237	-0.22771518699386184	0.28725469696942213	-0.5083074076230253	0.15821954272032793	-0.13454650870743418	0.22000684078385913	-0.7210596040390211	0.9999999999999993	-0.1992225122399844	0.06569827471682324
-0.10218181812059873	0.12565489977480207	-0.13249349743435326	0.1652726698945317	-0.4830617921589089	0.08354204367633591	-0.12881216260300682	0.18141211685898803	-0.2557017133604283	0.22748992966152484	-0.15615926281423206	0.1363636049342502	-0.26228792716811544	0.24740970932676654	-0.26538119191070025	0.1106325574925165	-0.22120039644279085	0.22572875705690865	-0.5704859187512211	0.30609030824221717	-0.12390339248404539	0.1489463726323327	-0.1992225122399844	0.9999999999999991	-0.25163050245948804
0.041407075837059236	-0.054869430547667505	0.0546515829664591	-0.07380073458208652	0.2095063178416363	-0.03492135094477395	0.05287682876287454	-0.07518029654756253	0.09399825326062394	-0.11678210144272419	0.05890414009382282	-0.05392410489924442	0.0909416933742771	-0.09247658659445518	0.1165169082285048	-0.0414895080832203	0.07627900576064395	-0.08382951352931486	0.13508733765221848	-0.18920499669047303	0.044175424735337476	-0.05672475184318994	0.06569827471682324	-0.25163050245948804	0.999999999999999
