0.8099270700805219
1.036785097146617
1.081680378891908
1.9072658924502957
0.7778531761828202
0.09549790234669864
0.39933632497678495
1.9034912173174234
0.2210720099482626
0.09548778403233049
1.693806398358653
1.5663393890890114
0.652038923856177
1.5935140831845604
1.7943720766584055
0.07543895712157545
1.6315241473444786
0.9041851826399476
0.6404439916454954
1.2095590206518083
1.3358163407149988
0.7926624233591357
0.4787455168424999
1.9626285240690517
0.19140209449442702
1.3541953528900517
0.16624722548219495
0.9667647338609688
0.4664921303326528
0.9614940285627331
1.5450566866811695
1.6006651815688375
0.12740662319460272
0.5607112557981973
1.5393932580407865
1.2485788696154696
1.9145087608826836
1.6873193857423323
1.7127491803285566
0.5224187137249099
