1.2055497783847557
1.9459068780603088
1.7979330861608518
1.3220829337785025
1.870869954915317
0.5993370741746937
1.2352585053578098
0.2828866210182688
1.0437463406690588
0.6682978711357652
0.9804678798081352
0.6439447499396493
0.13882399971427262
0.3819313853607631
0.4338453724960112
0.22228619704024677
1.697990694191024
0.5164526983436666
1.6892806655638237
1.9028953495631384
0.2726876174310924
1.4139091023415706
0.17063301672441478
1.8610627119616172
1.5451289855911976
1.536530320660094
1.7415227466630836
1.944816355502283
1.0777145377096247
0.5254012247608739
0.633513269077028
0.8841947098491372
0.05056588605571344
0.9505570615016845
0.20040088141633738
1.145904058758302
0.6311482860540405
0.9285695384503163
0.3320505911275915
1.4814651815328843
1.2082261141809405
1.9014935981451568
0.6012175771668913
0.7708229902279635
1.3232084668613142
0.7534132663896931
0.46406947194287707
1.9046174909492768
1.8872979119166882
1.7603573615303083
1.660568960438272
1.597183425551365
0.27804325483932013
1.2608711065151779
1.629101486422646
1.6093953117418973
0.7123939516417099
0.21593765423384026
