1.0000000000000002	-0.7326580300498761	0.17327637224728953	-0.133428809767488	0.15364230810142038	-0.489733556484044	0.3067820310352133	-0.19878376185470265	0.1094506457643179	-0.09708174648140529	0.19090884435690156	-0.21263276429341657	0.12880897787585122	-0.10923096843175922	0.08901152255633614	-0.08959937995508938	0.10823691569558065	-0.1258102707358677	0.10161295432774689	-0.12020954511241534	0.09312342594647761	-0.10344750352286025	0.1350686938999749	-0.06957368916765273	0.08223773469222645
-0.7326580300498761	1.0000000000000007	-0.2710269451468964	0.1645408681632768	-0.2142808518799505	0.2882953743144295	-0.435834404906851	0.22237042753880595	-0.13255976071637707	0.11094474550517902	-0.1853734185798625	0.1788680935593014	-0.14569931706381772	0.12168289692865643	-0.10503685555424624	0.09082150976098782	-0.11691282694543385	0.1334708591364862	-0.11746275736268169	0.13100187167855487	-0.10116486782211359	0.10816607810661744	-0.15747956473697294	0.07861888592822122	-0.09568463000005042
0.17327637224728953	-0.2710269451468964	1.0000000000000007	-0.4370905774188335	0.26453657932810165	-0.13557457795704797	0.18391146866273733	-0.7542224405639135	0.20258493376896378	-0.15942012033922234	0.10466283510623071	-0.1173689443368003	0.18004388991878395	-0.16294130003102078	0.1266480392396984	-0.06851536702673224	0.09817576893573743	-0.15672899446894556	0.1322499680701085	-0.15786551127892617	0.07457912862061815	-0.09271484589745548	0.12534143040863266	-0.08775891301596585	0.10152340424632647
-0.133428809767488	0.1645408681632768	-0.4370905774188335	1.0000000000000004	-0.6850262560813452	0.09696943085296715	-0.1341355914376258	0.2714814911283496	-0.40013982447547686	0.22378142080522923	-0.09205905111380709	0.10000322537418695	-0.17631504448767837	0.1899361190016905	-0.18456131468398035	0.06717746760251525	-0.1004734109164638	0.14997469367737087	-0.16205913018185913	0.20350476949770052	-0.07582978677338165	0.09396149740485739	-0.13975056263641916	0.10584964016809825	-0.12620443157523015
0.15364230810142038	-0.2142808518799505	0.26453657932810165	-0.6850262560813452	1.0	-0.11597617844808161	0.1509916725806373	-0.3096771088603293	0.2736288881642251	-0.28683017241057973	0.10989184811986223	-0.12351283370183361	0.18939293747334368	-0.21313701591836745	0.2090743511310868	-0.08499402073188267	0.12524625056563074	-0.18795347019144204	0.17874204104368754	-0.31350457562145795	0.09516445948988707	-0.12228744785627428	0.18141003417299478	-0.1340204411545106	0.1529834213768922
-0.489733556484044	0.2882953743144295	-0.13557457795704797	0.09696943085296715	-0.11597617844808161	0.9999999999999997	-0.7071475582281203	0.15819851644860733	-0.08421235726730746	0.0716156501917477	-0.35093432394115526	0.2427952648252694	-0.1115011219524189	0.08661065009262382	-0.06590635193285736	0.09255899255801281	-0.0994705636090331	0.10357656928259355	-0.08063924553997379	0.08588361601435313	-0.09305873115502886	0.08973163195800354	-0.10424257298965814	0.0532946152250162	-0.06296339930011319
0.3067820310352133	-0.435834404906851	0.18391146866273733	-0.1341355914376258	0.1509916725806373	-0.7071475582281203	0.9999999999999997	-0.2689837947569778	0.11261796445686974	-0.09710065253814432	0.2389532070691656	-0.29248656643295196	0.14085894318286973	-0.11424700463412886	0.08721840449598141	-0.09938574671431338	0.1156539837608032	-0.1333026124520003	0.10340875981406973	-0.1155154831609391	0.09977336593713217	-0.10848503109394807	0.12944311298951808	-0.06934612299345547	0.08122414017331382
-0.19878376185470265	0.22237042753880595	-0.7542224405639135	0.2714814911283496	-0.3096771088603293	0.15819851644860733	-0.2689837947569778	1.0000000000000002	-0.24452864918358072	0.16400886930613096	-0.1259266373182693	0.13528788476103168	-0.2638289483894534	0.1812916061959926	-0.14289512971020674	0.07891672624789374	-0.115177626672743	0.17702464632092352	-0.1562949270473734	0.16372676574611414	-0.08705060962424402	0.10479687483369493	-0.14509092096309445	0.09828592193209372	-0.11679118805273461
0.1094506457643179	-0.13255976071637707	0.20258493376896378	-0.40013982447547686	0.2736288881642251	-0.08421235726730746	0.11261796445686974	-0.24452864918358072	1.0	-0.6036476832602621	0.08981074185572051	-0.10114118521371454	0.2131159072821291	-0.42254050982625624	0.2616268453177125	-0.0706621680241599	0.10769389756972585	-0.1864751137145019	0.22084046191511641	-0.2966723700519726	0.0780164460048849	-0.1013087866216995	0.14082118525794907	-0.1466415386393838	0.16181775530278408
-0.09708174648140529	0.11094474550517902	-0.15942012033922234	0.22378142080522923	-0.28683017241057973	0.0716156501917477	-0.09710065253814432	0.16400886930613096	-0.6036476832602621	1.0000000000000018	-0.07866146716334024	0.08552209886174729	-0.17730504405000494	0.22146393172933102	-0.5867381015615158	0.06211007975888068	-0.09566738812233501	0.1496535986192107	-0.20076809828583897	0.2884545602709656	-0.07044872483716334	0.08874063933268615	-0.13276241578406128	0.12866453844088716	-0.1651756027312684
0.19090884435690156	-0.1853734185798625	0.10466283510623071	-0.09205905111380709	0.10989184811986223	-0.35093432394115526	0.2389532070691656	-0.1259266373182693	0.08981074185572051	-0.07866146716334024	0.9999999999999994	-0.8159764313761694	0.16030690117308044	-0.1144405338751454	0.07272763834250313	-0.2207861021925515	0.17406558242668357	-0.15710162015212578	0.1039309455389769	-0.09787756140378917	0.1708942644958223	-0.1541996044748761	0.1372638554090968	-0.06708427048322624	0.07722175802013465
-0.21263276429341657	0.1788680935593014	-0.1173689443368003	0.10000322537418695	-0.12351283370183361	0.2427952648252694	-0.29248656643295196	0.13528788476103168	-0.10114118521371454	0.08552209886174729	-0.8159764313761694	1.0000000000000007	-0.2192752271669279	0.12791494812495113	-0.08040581271922913	0.18099777854009044	-0.21674656485892874	0.17146387615559514	-0.12028990493085268	0.10447134507666352	-0.1877659844863221	0.15937077988450282	-0.15543652772718367	0.0746609483190386	-0.08765284344409911
0.12880897787585122	-0.14569931706381772	0.18004388991878395	-0.17631504448767837	0.18939293747334368	-0.1115011219524189	0.14085894318286973	-0.2638289483894534	0.2131159072821291	-0.17730504405000494	0.16030690117308044	-0.2192752271669279	1.0	-0.5032068555134629	0.1477759385102158	-0.1291774834213421	0.20440931956781078	-0.6336608790940579	0.28027848659568483	-0.19395940774889317	0.12974183529457622	-0.18590363172178437	0.1934997802449551	-0.16027991327130012	0.1694954376657873
-0.10923096843175922	0.12168289692865643	-0.16294130003102078	0.1899361190016905	-0.21313701591836745	0.08661065009262382	-0.11424700463412886	0.1812916061959926	-0.42254050982625624	0.22146393172933102	-0.1144405338751454	0.12791494812495113	-0.5032068555134629	1.0000000000000013	-0.19551712343391028	0.09057705743634141	-0.14628490116495518	0.284317355407289	-0.5594761646165597	0.21610411402840785	-0.09881375983529078	0.12916813552089518	-0.16740144855645447	0.21152062913704098	-0.24355403662344677
0.08901152255633614	-0.10503685555424624	0.1266480392396984	-0.18456131468398035	0.2090743511310868	-0.06590635193285736	0.08721840449598141	-0.14289512971020674	0.2616268453177125	-0.5867381015615158	0.07272763834250313	-0.08040581271922913	0.1477759385102158	-0.19551712343391028	0.9999999999999962	-0.06027750278495702	0.0919864371164773	-0.14408208843160675	0.17104425963386005	-0.6643971029712742	0.06815104369535846	-0.08796424772659597	0.13240139797315306	-0.14670857883190022	0.17738065469819297
-0.08959937995508938	0.09082150976098782	-0.06851536702673224	0.06717746760251525	-0.08499402073188267	0.09255899255801281	-0.09938574671431338	0.07891672624789374	-0.0706621680241599	0.06211007975888068	-0.2207861021925515	0.18099777854009044	-0.1291774834213421	0.09057705743634141	-0.06027750278495702	0.9999999999999979	-0.42660745436777936	0.15823752363758295	-0.09869295765194519	0.08154351874607639	-0.8082235314860138	0.26593557829193204	-0.1746685546759028	0.06199646712076429	-0.072297645184296
0.10823691569558065	-0.11691282694543385	0.09817576893573743	-0.1004734109164638	0.12524625056563074	-0.0994705636090331	0.1156539837608032	-0.115177626672743	0.10769389756972585	-0.09566738812233501	0.17406558242668357	-0.21674656485892874	0.20440931956781078	-0.14628490116495518	0.0919864371164773	-0.42660745436777936	0.9999999999999986	-0.3695242556313	0.1586528957381913	-0.12691965961956395	0.28912781588684533	-0.6509943529900265	0.26243160382954156	-0.10012650357188238	0.11204033730498786
-0.1258102707358677	0.1334708591364862	-0.15672899446894556	0.14997469367737087	-0.18795347019144204	0.10357656928259355	-0.1333026124520003	0.17702464632092352	-0.1864751137145019	0.1496535986192107	-0.15710162015212578	0.17146387615559514	-0.6336608790940579	0.284317355407289	-0.14408208843160675	0.15823752363758295	-0.3695242556313	0.9999999999999964	-0.41039412049321444	0.18175730349853475	-0.1692256209277754	0.2243798230483557	-0.2649442729982064	0.18044711730979482	-0.21116946100471617
0.10161295432774689	-0.11746275736268169	0.1322499680701085	-0.16205913018185913	0.17874204104368754	-0.08063924553997379	0.10340875981406973	-0.1562949270473734	0.22084046191511641	-0.20076809828583897	0.1039309455389769	-0.12028990493085268	0.28027848659568483	-0.5594761646165597	0.17104425963386005	-0.09869295765194519	0.1586528957381913	-0.41039412049321444	0.9999999999999963	-0.25896566569480123	0.10331717694246373	-0.14924690878042457	0.17607435365659002	-0.4747057611597544	0.2813406404994529
-0.12020954511241534	0.13100187167855487	-0.15786551127892617	0.20350476949770052	-0.31350457562145795	0.08588361601435313	-0.1155154831609391	0.16372676574611414	-0.2966723700519726	0.2884545602709656	-0.09787756140378917	0.10447134507666352	-0.19395940774889317	0.21610411402840785	-0.6643971029712742	0.08154351874607639	-0.12691965961956395	0.18175730349853475	-0.25896566569480123	0.9999999999999971	-0.09511566803002534	0.11827166428215527	-0.195028452058869	0.20825157104347708	-0.35039599744674066
0.09312342594647761	-0.10116486782211359	0.07457912862061815	-0.07582978677338165	0.09516445948988707	-0.09305873115502886	0.09977336593713217	-0.08705060962424402	0.0780164460048849	-0.07044872483716334	0.1708942644958223	-0.1877659844863221	0.12974183529457622	-0.09881375983529078	0.06815104369535846	-0.8082235314860138	0.28912781588684533	-0.1692256209277754	0.10331717694246373	-0.09511566803002534	0.999999999999997	-0.3904993407801614	0.19615658228635657	-0.06868884488915157	0.0786211880111771
-0.10344750352286025	0.10816607810661744	-0.09271484589745548	0.09396149740485739	-0.12228744785627428	0.08973163195800354	-0.10848503109394807	0.10479687483369493	-0.1013087866216995	0.08874063933268615	-0.1541996044748761	0.15937077988450282	-0.18590363172178437	0.12916813552089518	-0.08796424772659597	0.26593557829193204	-0.6509943529900265	0.2243798230483557	-0.14924690878042457	0.11827166428215527	-0.3904993407801614	0.9999999999999971	-0.48640914141582814	0.0947530157219414	-0.11126459562082569
0.1350686938999749	-0.15747956473697294	0.12534143040863266	-0.13975056263641916	0.18141003417299478	-0.10424257298965814	0.12944311298951808	-0.14509092096309445	0.14082118525794907	-0.13276241578406128	0.1372638554090968	-0.15543652772718367	0.1934997802449551	-0.16740144855645447	0.13240139797315306	-0.1746685546759028	0.26243160382954156	-0.2649442729982064	0.17607435365659002	-0.195028452058869	0.19615658228635657	-0.48640914141582814	0.9999999999999979	-0.1396069473272415	0.15034374583439766
-0.06957368916765273	0.07861888592822122	-0.08775891301596585	0.10584964016809825	-0.1340204411545106	0.0532946152250162	-0.06934612299345547	0.09828592193209372	-0.1466415386393838	0.12866453844088716	-0.06708427048322624	0.0746609483190386	-0.16027991327130012	0.21152062913704098	-0.14670857883190022	0.06199646712076429	-0.10012650357188238	0.18044711730979482	-0.4747057611597544	0.20825157104347708	-0.06868884488915157	0.0947530157219414	-0.1396069473272415	0.9999999999999979	-0.784391223405727
0.08223773469222645	-0.09568463000005042	0.10152340424632647	-0.12620443157523015	0.1529834213768922	-0.06296339930011319	0.08122414017331382	-0.11679118805273461	0.16181775530278408	-0.1651756027312684	0.07722175802013465	-0.08765284344409911	0.1694954376657873	-0.24355403662344677	0.17738065469819297	-0.072297645184296	0.11204033730498786	-0.21116946100471617	0.2813406404994529	-0.35039599744674066	0.0786211880111771	-0.11126459562082569	0.15034374583439766	-0.784391223405727	0.999999999999998
