0.24979143735353304
0.5343925985070617
0.9234378511547616
1.8041000657944344
0.37832310261590374
0.0073853516900070915
0.37823748492846354
0.22519571769816427
1.952575825686249
1.2331136481865315
1.6069446420026514
0.37067955722984314
1.0470896186824596
1.47033371784104
0.04469916685168629
1.995083915202224
1.6866441926204132
1.1952229573733586
1.7801220298805571
1.4895286751673251
0.9182742719685946
0.17073654721160336
1.768561269852059
1.9472926177903833
0.24502699143687945
1.9674691899322179
0.05819511853090065
1.8884675663465424
1.5702260981515987
1.7396668743479498
1.0582774322067614
0.08546333580124532
0.9191834269272472
1.6894250967188502
1.1879315974762896
1.5892817841677038
1.2338512024856718
0.1199552086557425
1.3107680622480018
1.5563980696099549
0.6859214322572189
0.07441940617849596
0.8535626841642103
0.8905142529617271
0.31713725763427725
1.7690190394203484
0.783283631709319
0.5181468797832909
0.40568980716237
1.6581070883462825
0.6354404898084813
0.8266602875649034
1.7225596256456046
0.8442244859573957
0.14891858955934723
0.5286786072831982
1.2796943553606468
0.9836387762830139
1.4293517810517424
0.4697756612647126
1.742864511612607
0.6165914336032925
1.704520387147367
0.27978200690801014
0.9583950604846154
0.6874035105800349
1.8384897616063625
1.2204184620156497
0.6919313033782526
0.9451624654188735
1.8866670780099812
0.8571263242605296
1.7176619930902213
1.5217833235507912
0.5102626532021559
1.8224875002299994
