0.64620088911543
1.642931028265719
0.9992789542346032
1.3325927589392377
0.10330040980294575
0.32955040521455237
1.3920765495746132
1.9818275472499987
1.7840266603972408
0.19838089120124458
0.8266710805070856
0.23018451392695338
1.3771894331836347
0.20255143122670205
1.8700594377621922
1.5829255667500841
0.6296671174404316
1.0905418987923108
1.6789560862948942
0.5342492588657137
0.794278966794776
0.8863858346320654
1.3517964887817717
1.5296761766586857
0.5119132045871178
1.8892220510888715
0.2488569908815772
0.6306469815765641
1.0718578816873867
1.1367988559150035
1.5806098567932878
0.42063750740285455
1.54732054832141
0.8863227035585886
1.5229831881762301
0.8388989854956708
1.2370648239976316
1.9473506369733125
0.02489800552502075
1.0769256445093394
0.30367780841316616
0.8462174040114148
0.987136168080792
0.2841598917237156
0.15971973200677558
0.017565053897208305
1.8488244493985801
0.21295084177599488
1.1075459934954006
