1.4339093140247274
0.06353636002457819
1.1799531918879023
0.4607076475438072
0.7388859483255503
0.029051007948397878
0.06626025877591024
1.3162640749740917
0.0980074142728884
1.077493275419389
0.3560023433469026
0.3525353900280015
1.8722723008064146
1.08340272246314
0.07251918913573485
0.6080628712726281
1.4591135180153532
0.036921025743035685
0.5137620801003719
0.16264578354262582
0.7002635359073688
1.5540149579215585
0.8258891984237686
1.2632293002883879
1.0544332173828206
0.43225393007585655
1.6301627504760128
0.2517984637956925
0.16331484897741877
1.4665734585712684
1.8201511445011245
1.9391098356252425
1.7444993417781074
1.9409659069891738
1.7197599827518029
0.7835160714996667
1.2059654326452898
0.8578196457224703
1.3326807151652615
1.9706471266839305
1.389902749279909
0.056881505122039044
1.1133441414131178
0.9361509684867713
0.8299677450520067
1.864990243948606
1.0001013494657456
1.3526460998275085
0.8982520065369219
0.7977623104215481
0.7028676147354651
1.31429936129669
0.5391363722791018
1.624549418169022
1.9824091879505898
0.8587432113114613
0.42918039822357335
0.048560150598046636
