0.6531310072968797
0.3292884930639586
1.0779617605430967
0.25750490197015985
0.7856226819663066
1.0430299470443614
0.10549099437736142
0.30844113439989096
1.4522950298647403
1.4510145624969684
1.1340130902685837
0.48707258262366704
0.5495777583662864
0.16785946862901513
0.2571525029558237
1.9350745493670125
1.52418763204953
1.8616170850703786
1.8970698256676624
1.8677274114602742
1.0038110708681223
1.3854155943232382
0.5568841286788704
0.15548695376291333
0.005710044318969487
1.6150058765974973
0.9629743773867259
1.6823012918863633
0.05427625579882678
0.49328728195489013
0.7329250603894262
1.5661154109708249
0.5572068838406543
0.906996660889742
1.8453974522207992
0.7406885675335118
1.6747205096131097
1.5767310421121379
0.10582439666135635
0.6860174808690389
1.0174905681511777
1.6854763883824995
1.771240721048096
0.7123932347758686
1.648673411518645
0.5070404241376063
0.4875272207990924
0.5510334824201966
1.5465560557414926
