1.5164256605240691
0.005457388008189401
0.8711531582092262
0.17852459728270098
0.7658155188565892
0.30349737949850386
0.7040506471136534
0.14578464799779844
1.40462654380954
1.018242564055916
0.4615803514947112
1.465144870302022
1.3311814694128237
1.6822457271551365
1.5426893870731946
0.63912766637339
0.598684624202594
1.4738543388125644
1.9984695385254732
0.4694943481005418
1.8534504687575368
0.1754823748963923
0.15241243028247586
0.3512000908474411
0.33038560617967105
0.5109801273994128
0.8352003650428852
0.060897028869558945
1.0876622378614877
1.404918663675077
0.7071634287668065
0.11961831765728403
1.5723701064249567
1.786552701569006
0.10757701045663914
1.6336327781282685
1.109447912560885
1.1056258413656082
1.0364097937225059
1.4115141000773361
1.1685937875036592
0.6534585018001113
0.819353589894777
0.8872318902182768
1.858179372730179
0.7172465751520729
0.2459561250925999
1.6626272323531195
1.3899170439832833
