1.78702719126757
1.2920443765113974
1.0164147134812955
0.04271598613955341
1.6012473012513162
0.2994778534350351
1.1933349208243818
0.1528574256547075
1.4822973922282174
1.917162250244953
1.755363019552119
0.03271512497911022
1.3699028650820653
1.4198477352327195
1.4130137859483725
0.5578254087974575
0.03184680022960773
0.8207277006734603
0.0641990860319619
0.8240544815025976
0.5123755991330134
0.9226178878088658
1.3501936012621996
1.7062392035256653
1.908626423847526
1.1994872427356889
0.19373308460237704
0.7405074873641388
0.48608410135041114
1.9024161531025827
1.9976857975185052
0.3546987783750444
0.4024973882087459
1.338330637367553
0.0894875233200283
0.6803973031000381
0.7404841441666057
0.10613150029258023
0.3634116575396016
1.86811079543538
0.8398990911232529
1.1488448471075103
1.1756706900059632
0.55862534665718
1.17227762208223
1.3000389868127784
1.1176988041441653
0.7793546507314351
1.4301550663565519
1.903373375536587
1.8390051015552173
1.5917662618655464
0.6058283913253808
0.950671366790758
1.6318527663471207
1.559498290716943
0.10403536014351555
1.5112278490070734
