0.7813800244598537
1.163722993306711
0.419410930517393
1.7167370909001272
0.06173393400810534
1.7225654006010434
0.9978342414786328
1.8279995415340906
1.5214178455350336
1.0930039279987103
1.593522339120549
1.6208918636861003
0.3961285983800318
0.26734569824956766
1.1515392987904955
1.5960629279106997
1.19623228124131
1.2251034996333066
0.9896942731290665
0.07401179609554198
1.5615137798111096
0.1887376301965702
0.5179156291484084
1.7327432602088604
0.8177475290641691
0.6821016885584266
1.0526067742282121
0.16833303092886087
1.335785068653577
0.6653317186150312
1.0628418896758292
1.192859679745077
0.49680747695496175
1.7704637891651753
0.021931969061318224
1.9227576344134722
0.542320707600314
1.437477646317992
1.2189330525943882
1.3525853446077831
