1.6300440184105849
1.670684103378489
0.8164612495089743
0.4251499188341272
0.01441094049711511
1.0132967420676202
1.0051291239375435
0.6417209480818546
0.8018422563592549
0.1955874119521357
1.3964397649942062
1.2356129361970858
1.8693068597560707
0.0006717106581701771
1.2341230925670312
1.943987453735203
0.14949290914681335
0.5598010758110172
0.666946784315849
1.8038896709960706
0.9902368378735451
0.6437620680374372
1.964305934794424
1.8376731630945944
1.6791355293458752
0.7856942280901236
1.7760087899455423
1.267915385796469
1.558062687606124
1.9482498442399634
1.5561392659148323
0.22622113874488425
1.4529246841819181
0.6182411845385505
0.8800543717142228
0.46062952051427297
1.0560925007869026
1.4388726916877173
1.6687220256672783
0.3874084397882127
0.42654895180056673
0.000942490905349036
1.7671570314294454
1.8380839071634907
1.2406946085798651
1.6075277602095324
0.832750124427521
1.013472103866675
0.24655417860032447
0.4447630178488704
0.1822661891648334
0.02103819467440582
0.2855827840461229
1.3767246170217806
1.5347555355214362
1.8578468521903235
1.3772822430484446
1.5467876873311868
1.8044704125160265
0.7511774917353895
1.4316873434798731
0.911038812700113
0.9758746778880729
1.9687834793688355
0.8764814243633023
1.1874979410716917
0.7252145185200134
