1.6439186407773487
1.1331609524419428
0.9208658728089323
0.7636791567694758
0.509390618056158
0.16273091290787223
0.9749632060939084
0.18658331877990753
1.333628689204073
0.6680084459935469
1.0263104434353627
0.6304578238110379
0.20249085232389508
1.6304137262928617
0.9138124674278543
0.497410680428092
0.902461030573467
0.3705030894781629
1.565432857670383
1.8149027920209204
0.5000501551386778
1.3356594684852685
1.167510407002521
1.1426056566443594
1.7458302344318866
0.9844748389043181
1.6177777007867116
1.1700952876506951
1.0295343600407856
1.9576882017454031
1.753315581407961
0.5272385770634704
1.4888970699096848
0.19896036831509933
1.1237116235819489
0.07102952697881726
0.5586991537468182
1.976181577433815
0.5258359635785457
0.5488348449279821
1.270608286926254
1.2380245238589271
0.17355122530157718
0.05354817230284903
0.8863467470100201
0.9274034568481513
0.4448078658704233
1.8848878734893786
0.1415445597982976
