1.2617767533819264
1.2712451001602876
0.6302955176985483
1.7417977631525954
1.98437949669432
0.8900248104033746
0.09916492123247789
1.9195385644845735
1.751102909697174
0.9074918200486293
1.1741453107180129
0.9107769438077975
0.8913956476029088
1.6696205760590437
1.0738163626444401
1.1529946709688628
0.22751065292256456
1.7164160679709584
0.08711699893193892
1.4273561356339717
0.5589232562840722
0.6102214656674811
0.3016969966045746
1.9464937241371558
0.000176947787716486
0.16938343872399697
1.9169852657547306
1.091769524505879
1.4590210506834045
0.7333097941160256
1.2051674829405812
0.7783891243628625
0.3917225087054237
1.3559428499294377
1.9312749085438594
0.3940497380035577
0.2175863061963259
1.9257051618368046
0.42746129699611046
1.4954122821983429
1.7408160911813377
0.857319320075375
1.50165285612582
1.1266166929137187
0.4601526432067593
0.8102790323952669
1.9809452769011724
1.5422705796043914
0.7141073208216704
0.8080055504238182
1.523505973915399
1.590597558559962
0.9244984926352218
0.030108756137920523
0.025152283106645523
0.6499622998758476
0.45388044480410406
0.8091069178901478
0.8574022587982948
0.9286050725118558
1.5944617859343717
0.516727563563486
1.9269207691446937
0.8071656507523026
1.0219704027632028
1.2642181419656606
0.2409098818499822
