1.248625296981492
0.2036846371104577
1.6035482168740414
1.9073209546127803
0.4292393578196463
0.304233871203174
0.8857191376833788
1.4179791486357503
0.9129569159086088
0.9471726767344912
0.5530039600258578
0.3637183172132823
1.8241827126393546
0.8950319650579339
1.2724469022409344
1.4351368313593027
0.2264502829010322
1.0749440151970155
0.19749435138898086
1.293424239957146
0.742169642039388
0.9511421079372977
1.5482803844897726
1.289857382872262
1.8593031075920763
1.0502386460772546
1.4193207297755337
1.0370291540972585
1.7181820049440244
1.0772576748137666
0.45819485346901434
1.0036930055143545
0.07412718216159231
1.4672198143161213
1.160449492102873
0.9133597277574115
1.0445984337295284
1.1633109082586994
0.9495483246442209
0.2323530595104093
0.9748282867430991
0.7037750256936186
0.9257994880298117
0.613084693603569
1.6577914128398312
1.988340390181511
1.9474544758467358
0.03714196743469467
0.7457461463879018
1.641393226435433
1.3211938543748434
1.5321364510524091
1.2782042457267275
0.7662163029472815
0.6946526832066784
0.05988357265578026
1.7932986798316177
0.5742537360605868
0.8389320255476931
0.9777400939328191
0.9747521497827933
0.5989570765519456
0.09693362120245741
1.2613839515858496
1.5523947383947752
0.550875736413726
0.6284640811047004
