1.6931688194965022
1.1842996617934562
0.2430563226287279
0.6337135759465653
1.599244614905491
0.4795180608998919
1.3153149766658716
0.8080652421486847
1.3293343094860597
1.8468945727027655
1.4431322274443499
0.5367464395828092
0.9791219543580119
0.43406905939898044
0.0733414516600881
0.7612726969811239
1.4546592807700525
1.6017223066395716
1.9384491843188645
1.8919934770517686
0.9366512574851513
1.818483709168381
1.0063447048879217
1.8475768830542902
0.05713976763115003
0.7622679196984392
0.6441717273730054
1.1524026234734794
0.9892768229843938
1.4348660678079388
1.739512871138909
0.5667437551294343
1.3316969119906532
1.46731251547945
0.0262127224438804
1.97392635689463
1.580069794529999
1.0069534858687725
0.9787742769098817
1.924590788995872
1.3347429536974578
0.553620063102735
1.9777337397554438
0.48619215660538107
0.4774041139620997
1.2051459700992884
0.23347583276213868
0.32667574906602725
1.3213654524931777
1.4825603944880776
1.1945717278941381
1.0523566578702352
1.9743781343532572
1.5452878233772762
0.1834711273215417
0.7531636426537922
0.7352982468566105
1.0800629529701213
0.7222752380657758
0.8958800691095061
1.171317552198524
0.9032561172205957
0.28214978919528555
1.629728747882111
0.3720417750318168
1.3698338343670922
0.6760847369362049
1.4099920352260984
0.06719133337646266
0.49628483078696783
0.29951447608727655
0.5712837844341005
1.1769637394060828
0.6542109691460771
0.5403338490691993
0.9093244768721416
