0.7005086874026025
0.4913184214313193
1.6653351905732432
1.1950090994107838
1.5703462234219727
1.80888208105562
0.24013787646848872
1.068105792454777
0.11801496131483358
0.8073593965352308
0.7449708922188645
0.601923311395459
0.73919695306
1.8673519761274586
0.7788555660368397
1.0487518036880772
1.9426649751566591
1.77508308665591
0.5023634207353833
1.3862988219697057
0.8994252208955253
1.3868711068811166
0.562322025178065
1.1609120975627438
1.1291229428368683
0.512087737427644
1.543502266403951
1.281743355075069
1.116797871607611
0.10301229834822667
0.5340575918741712
0.3991085977767841
1.3754714077512569
1.038033934095746
1.5159064896017864
1.506875480533707
1.6089633980688731
1.3828330174966061
1.52237515449949
1.7618281344071005
0.08284871478680866
1.309054162304733
1.8427091250895304
0.03214164762075633
1.646263613486882
1.0392847623277395
0.6350362369358549
0.6280852617001274
0.8613311539565358
0.8396553790888537
1.321593305626768
0.5211629067692884
1.7536429967677227
1.8575547626387268
1.4897519996653408
1.9341520077495464
0.19254268897489135
1.5766662799360995
1.7200868919849532
1.7738828498291417
1.6439017202482265
1.9075262094531986
0.34912953981010597
0.16058560086509832
1.5158942171082606
0.19780945744517497
1.2778775357705747
1.7883075108350908
0.6010830665943874
1.4016439413728525
1.9520816044373692
1.6206365655062696
0.5123416587303611
0.7549100780286508
1.7785227263244026
1.1774481525225986
