1.7158416852373493
1.5209783899376466
1.410437738991126
1.5378608011591233
0.40976703962014405
1.2583348411017323
1.4695077523288878
1.526749263743127
0.05739953623164995
1.1621634573793536
0.6402456701246417
1.5472641079831475
1.2511071046188094
0.663092404865588
0.43943155333203077
1.382517174653609
0.12829080336818288
0.8820658051864356
1.4651013019052987
0.28238195373507935
0.29776602353180426
1.4396619953371896
0.2514801414288832
1.5705453770948758
1.0738731786775935
1.535690307330254
1.1466372765510013
0.2445366009515575
1.7353261742116661
0.11218105442986781
0.5820624255860309
1.1978190431324869
1.161326088767587
0.5317173095558498
0.3525084603674511
0.8805441489532537
0.6818038074746351
1.2020563111360958
0.07526445957623151
1.6459395557414132
