1.2117344104577823
0.8370149590682656
1.0440491482371383
1.7505592871856765
1.8356778718489313
1.102536360523621
0.645761478205138
1.9234905523655175
1.98156834438107
0.5116855525781379
0.4348284123047881
0.14367620136013448
1.3938430567006286
0.1162640249212652
0.6156955822665107
1.0325869512878985
0.5713727238935795
1.5152538293425777
1.1703690052944298
1.2807579535762725
1.89935309472017
0.260491777134912
1.437163192748364
0.2302949412748796
0.06937393800646685
1.3370419605829889
1.705820658875329
0.7818834940281882
1.588258294747904
0.34764650489448723
0.9056697976895638
