1.6259244273736337
1.6429798777380569
1.3651823325238972
1.4040371859196221
0.9339455226158431
0.9602029537439214
0.6390762732632633
0.9952024749601867
1.5557005006366058
0.37501257659073906
1.600232643861696
0.6272646758377061
1.6990693304758695
0.9597622197602806
1.620293894757019
0.6471470878064172
1.244975110633952
1.7510949339335027
1.1476724751864342
0.08006411559818183
1.7910116478082045
0.34049011189209066
1.0349695556195089
0.3233586812942928
1.1148934082943067
0.8734065992963838
1.1835018915385698
0.47945066682425885
1.0043556018727404
0.1329528673431999
0.7135357280929622
1.840154885197879
1.198843997034639
1.796098871002687
0.9390255729187982
1.847895147738435
0.7850570402197832
0.8249896537860191
1.0991758168910373
0.08525602864854731
