0.7198549552154412
0.37780700732425565
0.6844326760182615
0.6421676519997761
0.23815095103857997
1.790862482620045
1.3473291076110994
1.2256799723848366
0.6206407264722409
1.4534355270903907
1.7292040574269674
1.898352339661697
1.1830770643300172
1.3443510196840185
0.705563106956256
0.11352931984983217
1.3615099084021667
1.5693483055131279
0.723686002463642
1.3239672169888723
1.3146730981895565
0.20051690896691854
0.48236040394172397
1.972621525013551
0.8373737162122259
0.2582965832711861
0.31419878097883513
0.4805490825538006
1.6934398603721266
1.0752815938606468
1.9414404488802712
1.0295632681451883
1.3967837240250178
1.2104530551847619
0.8296801456553133
1.592124350752489
1.0618850158759257
0.45133964693228634
0.669123696144934
0.8664011458856464
