0.7137136298940963
0.4984429536358137
0.9267302569663807
0.4816538211912995
0.8984275694038075
0.5418062571920119
0.21569029057906164
1.2031712656070832
1.668954546753779
0.29533883897036306
0.2271336419517529
1.967263977831342
1.0292321686248882
1.55259144108709
0.23821484445236285
1.1642413379644827
0.1866860165616706
1.963936591996808
0.05801947635538429
1.5678614195912717
1.096520103675871
0.534250531280597
1.1480311198824888
1.7633528312668525
0.7719331138021737
0.009553126503046627
0.32162911036593744
1.8903204487078464
0.15328892818521966
1.7131214880079688
1.2973184705118457
1.9678868463785881
1.347682964471971
0.9049948981502247
0.9103372497359223
0.3761020378747024
0.4799730813364045
1.4815320719951308
0.7309668894735397
1.0138475056401872
1.4776484683772315
0.1403845921204292
1.0111908710144095
0.8471082470169233
0.5627677638509909
1.6422740208653583
1.286759909163893
0.7650973099471741
0.8416967021460753
0.9578035469223729
0.48876051405218846
1.0483570592082296
0.3921218662301018
1.355917147436306
0.47822608166414815
0.786109459013077
0.7362697033451941
0.5183286072838862
