0.6249611879284274
0.6315462676725256
1.1257065843977938
1.665504847291185
0.06755551047614139
0.6765340355387619
1.8542214074553338
1.5039829537208926
0.8838509823466705
1.526211934936093
1.180462517559627
1.4478601467913168
1.5847271245062688
0.62794091351982
1.2058178855808346
0.2558858268849957
0.7399292706920821
0.48691639834549605
1.9883389358992476
1.462180728974937
0.23723376531328721
0.21767021340691395
0.3100608421204254
1.7756118016723845
0.6783449289380137
1.9986984224613322
1.6158864004281495
1.582019579129962
1.4047767544369028
0.7734213787248949
0.48645983997125564
1.8445135450200851
0.8981811396814785
1.0860508548152308
0.5037196652824809
1.8406936680014834
0.7997762763841259
0.18928997820314653
1.529846255122378
1.5218348095929826
1.77601532167765
1.7175579682438404
0.8918538106642697
0.08779815288177462
1.9587499404883486
0.9806832023633771
1.2796269064901478
0.3031893433512014
1.7138035299619827
1.579357981600635
0.9845100171523673
0.8683306811165732
1.187926067677838
0.647250695734797
1.4193575216464174
0.639683516795408
1.8330051386655986
0.4528192814785119
