1.9881287389096283
1.762418827868816
0.4235608784771778
0.10399223075238595
0.3944756090592607
0.3261802730225898
1.0247869135834446
0.1652332684406157
0.7151065827557206
0.4870340801752189
0.3452038528579342
0.9790248389854743
1.1982303722624006
0.47948186133421533
0.7850135186245017
0.48895875925192733
0.46119780979600744
1.2323783506638986
0.18662904549755543
1.6258780576837677
1.3958444532206378
0.2442793318605636
1.806479751400866
1.5792681657606713
0.15895525718698744
0.48405919816468845
0.4312908379497067
0.6051880624733381
1.1111311974867415
1.943022966665645
0.5776090732897403
