1.2544944755773133
0.34232449758859174
0.702070088739533
0.8933623830821364
1.9564179076253652
0.11972426228805055
0.6250460976924805
1.6886027592801245
1.0551793577447417
1.3756138133508182
0.29424124189762724
0.8617512518163819
1.271675673456444
1.7974375547815522
0.8004702859245687
0.48358088198879123
0.9889408339208132
1.6615628386422028
1.6531814189642686
0.6192796099884803
1.1615429434012512
0.9741895604652355
0.7974298039594658
1.9050016712976015
0.44734993739453577
1.8838265741791633
1.4830049476845
1.1314763345243057
0.1406945501288841
0.10267454142120336
0.6242879197875411
1.756012415681281
0.9323979105515412
0.08280953906877819
1.2380748533981665
1.9728159160234369
0.9415241273552812
1.898191298466021
1.8083815092053888
0.33019554320090894
1.3040292775443052
1.2678683604317427
0.16705588800041005
1.3969645479076491
1.7349141896225664
1.3636806705208175
0.739487661728981
0.8676573097843794
0.3073542788495671
1.608569035771453
1.358933596636609
1.467373243037744
1.2105278023626305
1.5160599367697167
0.295667302743289
1.1248506604492454
0.8656998728562351
0.07809332899519594
0.9153061091783696
1.9380939084746052
0.042554104807864146
0.8033508192236196
0.3547484899082858
0.5724652136954069
1.3759623542303911
1.8619343714971666
0.6442727146998881
1.9206121749744502
0.9405418161612111
0.9706667258002617
0.6821319874878835
1.242635916609705
0.09015306172847115
1.9695160450396476
1.9377680027292477
0.7053124531079424
