1.0	-0.49032655501235034	0.09838534262126568	-0.0830656660444289	0.0928542623523726	-0.8001249818997859	0.27610399519351975	-0.12930567203083718	0.11639862639502219	-0.07874230753924663	0.1681849312001457	-0.14243065579006847	0.12742649205217113	-0.08004890783338908	0.08243972790889238	-0.048339715528380414	0.05165134796937411	-0.06342586063776731	0.05714732507019966	-0.04319647098367825	0.01408195911934862	-0.013594241028089885	0.0479439399448332	-0.059499085198603634	0.04814979524337392
-0.49032655501235034	0.9999999999999999	-0.19151841613912657	0.1407122761537597	-0.16028367875039967	0.3053732481489266	-0.6809258842198149	0.21725509441000346	-0.20937584064217293	0.1299345268964798	-0.25031509078766356	0.2212631001181393	-0.22293167645441603	0.126225560270108	-0.1346997578405924	0.07010279552071412	-0.0787855032423591	0.0961901402791812	-0.09084722918216094	0.0684176985297066	-0.021329221666772147	0.02049288794664362	-0.07446659884812648	0.09113893458360685	-0.07651942972592572
0.09838534262126568	-0.19151841613912657	1.0	-0.8227568852137357	0.25051506209036556	-0.11167023027962937	0.15933200361580266	-0.3080231159448789	0.2271597919881165	-0.22060487537149623	0.1531142505760396	-0.15109869923855243	0.16841170221321133	-0.1537695313039928	0.15432348945711016	-0.0486058905306777	0.05363631544484463	-0.10946545368973415	0.10186109362780575	-0.08072330594953189	0.019947935817981433	-0.0192620642962189	0.08008200769036042	-0.10948583803634067	0.08466170716559716
-0.0830656660444289	0.1407122761537597	-0.8227568852137357	0.9999999999999997	-0.3877003297287178	0.09083219267767255	-0.13645106973316629	0.21476029751190379	-0.2489598009468309	0.21338005984785754	-0.13879072567200268	0.1255408127426904	-0.15157082936270247	0.1396511826462025	-0.15542916528536288	0.042719944551394155	-0.047716889114296945	0.09626895369106869	-0.09471270635829995	0.07562982954553481	-0.01780614097811299	0.01714252783402334	-0.07224405256946977	0.0977590249552208	-0.08023694794431326
0.0928542623523726	-0.16028367875039967	0.25051506209036556	-0.3877003297287178	1.0	-0.11277376576171926	0.14688854585609773	-0.23885997521377986	0.26818216345511103	-0.6866247456818773	0.18415422839753376	-0.16327443397473212	0.17641401945965	-0.2379553228658108	0.26142459199416274	-0.05912904929558646	0.0656172344306111	-0.16612244117924252	0.1543047349682207	-0.13400319307582817	0.02821433929497607	-0.027292027419042967	0.11935879450138445	-0.17430524158680036	0.1319556328869624
-0.8001249818997859	0.3053732481489266	-0.11167023027962937	0.09083219267767255	-0.11277376576171926	1.0000000000000004	-0.4076698722908092	0.1532260468370953	-0.14602559570060442	0.09313252276876713	-0.2398070413358862	0.17043925355751036	-0.16151471289144168	0.09449839173875876	-0.09970784518110343	0.060786000322772704	-0.06619798888360534	0.07429669992585498	-0.06826142459371959	0.051424159250165066	-0.017057061629960166	0.016426480761006015	-0.05703061117142174	0.06971062945716633	-0.05768046875422299
0.27610399519351975	-0.6809258842198149	0.15933200361580266	-0.13645106973316629	0.14688854585609773	-0.4076698722908092	1.000000000000001	-0.32345731941766603	0.2063193004382164	-0.13198379860069592	0.23225252069039207	-0.34769031452708127	0.24106407607436284	-0.1341259860705531	0.13092386653715796	-0.07231804635544212	0.07816641662669911	-0.10185726294142067	0.09238893202289525	-0.06896347449676746	0.021580260237299292	-0.02084799964525555	0.07621808451757495	-0.09498372077632386	0.07596459101099522
-0.12930567203083718	0.21725509441000346	-0.3080231159448789	0.21476029751190379	-0.23885997521377986	0.1532260468370953	-0.32345731941766603	1.000000000000001	-0.6183240222972015	0.2184806332946957	-0.2323055411918407	0.2568534677809982	-0.46634141962675135	0.20471948900509984	-0.1970540404162186	0.07079042889683873	-0.07875733854938612	0.13497047815861918	-0.13683271499465657	0.09873708454378499	-0.025865385116129378	0.024870389801567756	-0.10266295791704404	0.12977171716916028	-0.10711678257064576
0.11639862639502219	-0.20937584064217293	0.2271597919881165	-0.2489598009468309	0.26818216345511103	-0.14602559570060442	0.2063193004382164	-0.6183240222972015	1.0000000000000013	-0.40455551979964155	0.20905337104823382	-0.22822799916607464	0.2558616689839969	-0.34830781423846346	0.25047100072643436	-0.0684001645705392	0.0748569718941168	-0.17086261496646613	0.17965306141324547	-0.1312091245505212	0.029602479128219977	-0.028582852651112007	0.12505052055236593	-0.1760036255306579	0.13472947449015016
-0.07874230753924663	0.1299345268964798	-0.22060487537149623	0.21338005984785754	-0.6866247456818773	0.09313252276876713	-0.13198379860069592	0.2184806332946957	-0.40455551979964155	1.0000000000000007	-0.16245556977183984	0.14062625928492567	-0.16966192014260242	0.23299928358962646	-0.4358300626742062	0.05080149807717097	-0.05691371075320364	0.14496611370675952	-0.15613833713517122	0.14363776635006104	-0.024975527075050276	0.02403799310529807	-0.1095193916740025	0.1572839227731342	-0.14505146495484056
0.1681849312001457	-0.25031509078766356	0.1531142505760396	-0.13879072567200268	0.18415422839753376	-0.2398070413358862	0.23225252069039207	-0.2323055411918407	0.20905337104823382	-0.16245556977183984	1.0000000000000002	-0.4844758594673857	0.27679639166721204	-0.19550932691888528	0.1901211394038547	-0.2544576838152401	0.2012788598821652	-0.17741393175298698	0.14114995336557384	-0.10648127748661908	0.046207994915230394	-0.04539868410290721	0.12741633511477332	-0.15865459458305953	0.1193854994985768
-0.14243065579006847	0.2212631001181393	-0.15109869923855243	0.1255408127426904	-0.16327443397473212	0.17043925355751036	-0.34769031452708127	0.2568534677809982	-0.22822799916607464	0.14062625928492567	-0.4844758594673857	0.9999999999999997	-0.6670979834380455	0.16048974459675316	-0.15765074674692245	0.12943282847057425	-0.15014977553541078	0.13096603415796987	-0.11547121076145589	0.08303900856149263	-0.030721216033485953	0.029696635778791385	-0.0997914305658902	0.11466600764801795	-0.09310213458114408
0.12742649205217113	-0.22293167645441603	0.16841170221321133	-0.15157082936270247	0.17641401945965	-0.16151471289144168	0.24106407607436284	-0.46634141962675135	0.2558616689839969	-0.16966192014260242	0.27679639166721204	-0.6670979834380455	0.9999999999999991	-0.222122708082274	0.17985769578214145	-0.09968129837861589	0.10469817759741613	-0.17756674822043342	0.1411482796664258	-0.09960201048678255	0.03158589826522558	-0.03060033371848967	0.12153918551918247	-0.1430208490864871	0.10883996156197263
-0.08004890783338908	0.126225560270108	-0.1537695313039928	0.1396511826462025	-0.2379553228658108	0.09449839173875876	-0.1341259860705531	0.20471948900509984	-0.34830781423846346	0.23299928358962646	-0.19550932691888528	0.16048974459675316	-0.222122708082274	1.0000000000000004	-0.5263418079799993	0.06108143562308674	-0.06930249582477235	0.2295838898148409	-0.5679195008040995	0.23844207986829175	-0.039312578258822145	0.037367175274633374	-0.19947141783258576	0.27047305798357896	-0.255109811235106
0.08243972790889238	-0.1346997578405924	0.15432348945711016	-0.15542916528536288	0.26142459199416274	-0.09970784518110343	0.13092386653715796	-0.1970540404162186	0.25047100072643436	-0.4358300626742062	0.1901211394038547	-0.15765074674692245	0.17985769578214145	-0.5263418079799993	0.9999999999999991	-0.06204112549663896	0.06940131302264795	-0.26325047747983277	0.282533969403621	-0.37639001285230317	0.03906394866665235	-0.03784978398730133	0.18802471532912218	-0.3117380307127513	0.2576814552872178
-0.048339715528380414	0.07010279552071412	-0.0486058905306777	0.042719944551394155	-0.05912904929558646	0.060786000322772704	-0.07231804635544212	0.07079042889683873	-0.0684001645705392	0.05080149807717097	-0.2544576838152401	0.12943282847057425	-0.09968129837861589	0.06108143562308674	-0.06204112549663896	1.0000000000000009	-0.9384906362564309	0.06723582838809078	-0.04813634545079507	0.0350446607566646	-0.06996291749094281	0.06503689801847759	-0.0526205337683819	0.0533894835477264	-0.040106289075612096
0.05165134796937411	-0.0787855032423591	0.05363631544484463	-0.047716889114296945	0.0656172344306111	-0.06619798888360534	0.07816641662669911	-0.07875733854938612	0.0748569718941168	-0.05691371075320364	0.2012788598821652	-0.15014977553541078	0.10469817759741613	-0.06930249582477235	0.06940131302264795	-0.9384906362564309	1.0000000000000013	-0.07788408487019961	0.05412277839245446	-0.03954361536165668	0.06719798648126418	-0.07034869320407765	0.05832358245736985	-0.0608068234333161	0.04507292110845651
-0.06342586063776731	0.0961901402791812	-0.10946545368973415	0.09626895369106869	-0.16612244117924252	0.07429669992585498	-0.10185726294142067	0.13497047815861918	-0.17086261496646613	0.14496611370675952	-0.17741393175298698	0.13096603415796987	-0.17756674822043342	0.2295838898148409	-0.26325047747983277	0.06723582838809078	-0.07788408487019961	1.0000000000000013	-0.36782722061501455	0.18398002557204896	-0.09598674292293084	0.08846161153609507	-0.7463503744936131	0.31386422399544034	-0.23652785983107033
0.05714732507019966	-0.09084722918216094	0.10186109362780575	-0.09471270635829995	0.1543047349682207	-0.06826142459371959	0.09238893202289525	-0.13683271499465657	0.17965306141324547	-0.15613833713517122	0.14114995336557384	-0.11547121076145589	0.1411482796664258	-0.5679195008040995	0.282533969403621	-0.04813634545079507	0.05412277839245446	-0.36782722061501455	1.000000000000001	-0.3642786231228732	0.04325505115441098	-0.041674662852199784	0.25355370534105204	-0.5299208493773467	0.2714217884296919
-0.04319647098367825	0.0684176985297066	-0.08072330594953189	0.07562982954553481	-0.13400319307582817	0.051424159250165066	-0.06896347449676746	0.09873708454378499	-0.1312091245505212	0.14363776635006104	-0.10648127748661908	0.08303900856149263	-0.09960201048678255	0.23844207986829175	-0.37639001285230317	0.0350446607566646	-0.03954361536165668	0.18398002557204896	-0.3642786231228732	1.0000000000000016	-0.028742086733998633	0.027532651525737212	-0.1575279120332596	0.2582229144440909	-0.7890025835388761
0.01408195911934862	-0.021329221666772147	0.019947935817981433	-0.01780614097811299	0.02821433929497607	-0.017057061629960166	0.021580260237299292	-0.025865385116129378	0.029602479128219977	-0.024975527075050276	0.046207994915230394	-0.030721216033485953	0.03158589826522558	-0.039312578258822145	0.03906394866665235	-0.06996291749094281	0.06719798648126418	-0.09598674292293084	0.04325505115441098	-0.028742086733998633	1.0000000000000024	-0.9832653097382612	0.10162199465054242	-0.06809074936200007	0.03377180753974056
-0.013594241028089885	0.02049288794664362	-0.0192620642962189	0.01714252783402334	-0.027292027419042967	0.016426480761006015	-0.02084799964525555	0.024870389801567756	-0.028582852651112007	0.02403799310529807	-0.04539868410290721	0.029696635778791385	-0.03060033371848967	0.037367175274633374	-0.03784978398730133	0.06503689801847759	-0.07034869320407765	0.08846161153609507	-0.041674662852199784	0.027532651525737212	-0.9832653097382612	1.0000000000000022	-0.11353881783504338	0.0642046458427364	-0.03277731790345055
0.0479439399448332	-0.07446659884812648	0.08008200769036042	-0.07224405256946977	0.11935879450138445	-0.05703061117142174	0.07621808451757495	-0.10266295791704404	0.12505052055236593	-0.1095193916740025	0.12741633511477332	-0.0997914305658902	0.12153918551918247	-0.19947141783258576	0.18802471532912218	-0.0526205337683819	0.05832358245736985	-0.7463503744936131	0.25355370534105204	-0.1575279120332596	0.10162199465054242	-0.11353881783504338	1.0000000000000027	-0.5297124922396386	0.1843847948931263
-0.059499085198603634	0.09113893458360685	-0.10948583803634067	0.0977590249552208	-0.17430524158680036	0.06971062945716633	-0.09498372077632386	0.12977171716916028	-0.1760036255306579	0.1572839227731342	-0.15865459458305953	0.11466600764801795	-0.1430208490864871	0.27047305798357896	-0.3117380307127513	0.0533894835477264	-0.0608068234333161	0.31386422399544034	-0.5299208493773467	0.2582229144440909	-0.06809074936200007	0.0642046458427364	-0.5297124922396386	1.0000000000000027	-0.39294926289847426
0.04814979524337392	-0.07651942972592572	0.08466170716559716	-0.08023694794431326	0.1319556328869624	-0.05768046875422299	0.07596459101099522	-0.10711678257064576	0.13472947449015016	-0.14505146495484056	0.1193854994985768	-0.09310213458114408	0.10883996156197263	-0.255109811235106	0.2576814552872178	-0.040106289075612096	0.04507292110845651	-0.23652785983107033	0.2714217884296919	-0.7890025835388761	0.03377180753974056	-0.03277731790345055	0.1843847948931263	-0.39294926289847426	1.0000000000000027
