0.39605456768954594
0.3227456076161017
1.300884909194695
0.9610201293997656
0.9845814140099622
1.4293678143511457
1.1264899140726352
1.6452495305584853
0.6864257704269519
0.09569480551295806
1.8651925942917935
0.2987647676484646
1.6194011962514434
0.7364236092168928
1.0319121667210704
1.211882987137435
0.9698429765590291
0.1490738256700075
0.685358882233186
1.754194317514986
0.6673920227218808
0.06730862195210197
0.8703190116636512
1.081305518107063
1.068183664915407
1.9048143522224925
0.32289904106543155
0.5005207472438666
0.7640029725206849
1.3865355774046995
1.886807847571196
0.04839466658838676
0.6539069737012615
0.6394822169662637
1.1413136091564637
1.165116847874479
1.7433911357130074
0.36440217562689625
1.4140076649452364
1.4493388408255057
0.07057211240573613
1.6082959594284518
0.24624111401787463
0.2521927411661027
0.9907593264734929
1.2275179130748324
1.9625130425561714
1.3816109827337204
1.38715528628328
1.7043504169428436
0.6680801816809963
1.139442060634825
1.9465218801049833
0.0033337123200518626
0.9479514986971758
0.7234039647293371
0.3942694417415886
1.2836211629991006
0.8376940455369084
1.5114271366356715
1.15473856780013
0.000989691046879404
1.4098464058095974
1.86659697097123
1.1920255195499792
0.18936480255971366
1.264601775859103
0.5340341111405165
1.3139773460254327
0.40154292562627925
0.5357533965571974
1.9795556258517082
1.5174230719996658
1.3980665801383059
0.5420643267849123
1.9846304903949301
