0.2107767500315525
1.5850163153691499
0.5149758658536827
0.7719486780314786
1.0267781339709918
1.1843120212462779
0.1709039668183152
1.471556489283167
1.3544104252404785
1.6358058165618008
1.9826400644812048
1.3691139801189869
1.0774908952738045
1.759283227528282
0.8931335912585245
1.8777362478826185
1.5332256041123014
0.7288795802247479
0.4186840138113097
0.41759485999206536
0.3341641788236043
1.4566264219578775
0.6991446273366879
1.826454147585415
0.9046153607306802
1.4519442957692372
1.8704221055553347
1.3955519437495947
1.5474323091815618
0.1889988087457808
1.9489078315336088
1.5490465223036622
0.31027640505723975
0.11936481330548121
1.08007927824841
0.7242263464068408
1.3819356269958565
0.8767145995041479
0.3396951939245856
0.30171912820367375
0.7393865418975842
0.42494791913030516
0.10052381501810137
0.5839278714453027
1.558141144327057
1.5886968657310363
1.8883009554699108
0.9140387645315742
1.7676077914752786
0.9186770375915594
1.072321601781109
1.1594232744299187
1.0109030751507073
1.1442102810483017
1.6696495022149818
1.1592350842866406
0.0402715439960768
0.7800784212115057
1.228851163967776
1.158521400350971
0.5811141785098051
1.3300226907446704
1.0483446285806859
0.4589737735021058
1.4854394316777135
1.6789579475544478
1.475390305715178
