1.9600764118307978
0.8242677125072886
0.9417561836986121
0.16187964602742477
1.6255631881042039
1.9973370086918965
0.9330314716161423
0.577823643639348
0.06715958068842864
1.3733567593670748
1.970869158265327
0.982460445559652
1.2920853734088515
1.253660988916267
1.8451444782547037
1.9448770326949574
1.703765201997827
1.4162622868231352
0.8322665449096038
1.0431039103110091
1.772115482871051
1.140952341295046
1.5043498475236659
1.731829560555434
0.1731556668524541
1.0885743692489545
1.1357413151635005
0.3750798016512369
1.9351490527150572
0.17540877881585093
1.6372109271140194
