0.7513961013999002
1.1623841147564198
1.8181671579813208
1.6740490894813491
0.8077308891660766
0.49979859923704995
1.1180987285915616
1.248159739082876
0.5777792775000852
0.7347699428128021
1.309771421880912
1.7868557043057667
1.3736411102929966
1.536394608458513
1.7422083891712732
0.8645079057639129
1.3003775803689241
0.8017152380787103
1.5933208379880157
1.7616539903838646
0.41509618789751723
0.2916792330807487
1.0129803347796327
1.8892719879766333
1.8753600457433852
1.1070869600634565
1.4457408802536307
0.3049539649503159
0.3585756588889506
1.758210640557301
0.5948354842420143
0.25745236962243956
0.94996765603404
0.9424295326832839
1.7499587723429175
0.8655331170066054
0.9801031587625006
0.4847218563607467
0.6279493167637065
0.6208306409087325
