1.3193929431554463
0.33156202332532736
0.9952911044031314
0.03879029419095126
1.6543573178293158
0.45130349734640696
0.42910826672078217
0.3773051410638262
0.8654753723092834
0.6532734291051967
0.780145435160827
1.8000064991522633
1.9726247006415472
1.9686644938135345
1.7114270242261802
1.3274017550366732
0.6174078272800698
0.8066209134698434
0.1735594584404625
1.8519616155332397
0.5930415606523778
0.9972994978148866
1.2492259627810327
1.8541778236753013
0.6859382724463927
1.276201523390335
1.4174057619984715
1.0212395101129346
0.17844085118571806
0.5697518155230767
1.3990953290566184
0.026992033704595908
0.9703866514186377
1.7025334504622904
0.7308403080247219
1.304908657836263
0.21467257534784023
0.4582581379684787
1.333224387281149
1.6953175868426933
0.5706515382153867
0.6317049033216628
1.93734733309079
1.0363671467831654
0.14292726316316395
0.5153926611465933
0.19526301568044957
0.5286448545951434
1.277343800769248
