0.8116305193292388
1.4107972894413403
0.9691965128276525
0.05728238063437763
0.23596914417807513
1.2127822013575158
1.6846771402900012
1.709098366059418
1.2769268572777368
1.0925139599824374
1.0677542360053014
0.8086661989807844
0.07781310797743801
1.4414847031492704
0.4225766042599668
1.675765195059165
1.3989259862289325
0.2092194346130598
0.8771572470219802
0.6258850376755318
1.278347738337438
0.9846948835852394
0.539747782338289
0.6725365882530827
1.9126452302875911
0.5347646481090678
0.0822572231287837
0.6223750584418899
0.43578106431829244
0.719328537897526
1.0060458676618658
0.6414688095992562
1.8351349683359723
0.7237668459787878
0.05407649652882052
0.9748870779855094
0.0036747369614360537
0.04193709838795456
0.34438273680737064
1.393842866895933
0.021494946726669628
1.5045660434618688
1.9156451590298675
0.25911151985976
1.5522905340319655
1.0576750782401163
1.3249833363119383
1.9865665754051443
0.061558320107632625
0.741678532502791
0.5305247128285591
0.662453284315204
1.8463248914531887
1.4351743303109346
1.3341599335427845
0.6783792576526637
0.9537250588721231
1.651599286021793
