1.7197591632927156
0.5930309732476888
0.9826854710134678
1.052177152570497
0.459992532861762
1.1870855051568694
0.03440981592929937
1.5081080396541728
1.7166188080087759
0.04990183578019591
1.935563439575204
1.4547371341605482
1.575975123123094
0.41258583678260097
0.37690432417062514
1.00309603042828
0.7273829026495044
0.33426880569723405
1.5717881747449818
1.98719292787692
0.6767553039206127
1.579100166724114
0.9281518970773268
1.8241522824267022
0.9314563735830794
1.0605187533478397
1.6318036240732563
1.7426315967232697
0.421787448571989
1.3641925248286868
1.2145614939526532
0.1824831379781493
1.7092642071464073
0.08534556425639517
1.1749502106563785
0.19270314508094177
0.9252038691361717
0.3317427135176949
1.698495640573808
0.9917812683418359
1.8551473814953767
1.4986682392257804
1.1121095405215087
0.9397124064168345
0.6052347659915749
1.2031490410398118
0.06381091605298872
1.0530569794211884
1.2916826140149151
0.5274749678993285
0.3970359984859586
0.14294736219997572
0.42293359432770394
1.6873902136041905
0.44482065484458566
1.3784407956938463
0.048812367010975244
0.6596207829343044
