1.635366734577517
1.5884727194757065
1.9455413945725066
0.39742368313657117
0.8655915019870153
1.5392518509260933
1.635896019330358
0.7947866933114365
0.5009400284792229
1.157155442461331
0.5723958426110922
1.195642749776776
0.46223975925511107
1.9137327360730962
0.4592900777135376
0.08016492936143749
0.4170557662604746
0.2805836409472038
0.8054255983787142
1.9911342898787026
1.231259581019987
0.8316540504599286
0.38067729650572435
1.6950987129615473
1.5538364183907523
0.3177656788798324
1.1748236256657991
0.8733050811130996
0.8319311636642781
1.3616308200850846
1.274120353294847
1.7354961422651263
1.4827012565057611
0.9046737850108824
0.8010601886088069
1.8596685487484597
0.3107565061743549
0.6765780826116559
0.12385692614441757
0.787321828998143
1.805978172467717
0.6051650521640308
1.677535442786756
1.0189470576260855
0.37257248709645596
1.0763377873922848
0.6114930277955621
0.13267454614038066
1.6100389548327398
