1.7739662908150402
0.31555292064841467
1.6645741944811974
0.4734109863709737
0.09013939816269989
0.01778686745518865
0.5478307652109331
1.524073033989556
0.1432073421356006
0.09311259866894073
0.40643220456950546
1.3685575376292078
1.7677985932993336
1.7640244311988815
0.601330450237191
0.4331440754906728
1.7618041583556545
1.0412974813415836
1.3087218052896494
1.8979416338420965
1.4415672125059622
0.5502621346246959
0.015990653281109157
1.1288647879241624
0.5986959481545369
1.0835128016622373
0.3570113836332278
0.8609487300755121
0.8059613181008052
0.8122685427454037
0.5480743612919148
0.07641772208455722
0.12395052488041092
0.15996116428904505
1.9203548557140357
0.7699598684196292
1.545926545981274
1.8749637002560706
0.30970075137675446
1.5600063944741396
