1.330403403347082
0.35345398881630397
0.3869189034483953
1.7311398057034997
1.8171756023011625
1.4383359190371934
0.4315744812646791
0.15781662641414407
1.9884696782680917
1.4119359312106239
1.2739629491448308
0.22548807445328523
1.4239017253067585
0.9575184017169001
1.1419786441249178
0.18196292072422082
1.0469315770477494
0.7149890854535026
0.7923571843831505
0.7577523020198531
1.4982358967727358
0.25052392588434147
1.9703572359860302
0.363622308635557
1.668641086816308
1.0179476373600203
0.42397796752208405
1.3342510574194537
1.9725591647615763
1.0366522717581494
0.285548092028201
0.1834077822322171
1.4987495888186864
1.0267107898319288
1.1952735617564803
1.2782139928537508
1.1850995511637747
1.0167989986816068
1.813245323475615
0.6942188447020805
