0.9478799812538963
1.4821276976642364
1.1400784992548756
0.7514327224633814
0.05605436392043828
0.5439303416079024
0.2166440201415032
0.7971678591756661
0.2334669166738368
0.8928873315993244
1.0649051188917862
0.07164793276907266
1.5601503738707625
0.18969637575082876
0.408564814169162
0.6002151554197255
0.5603579866142137
0.5572475271841739
1.2809557750282052
0.2902161844257112
1.4152587152648253
1.4970134546010128
0.10457326698990466
0.38938871218534743
1.5296038450148148
0.43561100081639736
0.587001800793232
1.1987451825952897
0.03364917139984902
1.1747338568918413
1.9161018568040467
1.719622018994536
0.3070370618384186
0.8223154726168045
0.3012343656709944
1.5077111927186007
0.9834965612883364
1.3546155419802437
1.0811838571271042
0.04819981620303482
1.2229324604776246
1.8941220781339942
1.8471294409375316
1.0041294181094673
0.6370185102047135
0.8459233572848226
1.0431472597655693
0.4786548088714295
1.1327846424372767
1.8755060556662984
0.13945718837722199
0.9769233321318653
1.5836682663242585
1.316026216025235
1.411964865196381
1.0505291952377225
1.8687085985058363
1.6533691714744925
