1.0000000000000002	-0.6809236902463076	0.2774841381021089	-0.1901009236853103	0.21833851760304285	-0.15764101103077743	0.24927385758094292	-0.24948729227828392	0.20377848657106581	-0.20845434338157853	0.12917040876193867	-0.22686685877561125	0.17834673390181915	-0.14825965636067842	0.1696851032416461	-0.2884943101867291	0.16778088524157	-0.13815542421520904	0.15482405480444572	-0.18034914598744775	0.16731226261340845	-0.1370259440112196	0.16883003039370267	-0.11012901637482175	0.11203658282240125
-0.6809236902463076	1.0	-0.4723202890826792	0.20360974907166327	-0.24077617985709243	0.11403253975618004	-0.3769298306646108	0.2613152632303144	-0.19885807257330002	0.17434030679372717	-0.10219272773561362	0.18935462123234792	-0.15423804518740836	0.12408779612193138	-0.1394215703523598	0.19418938665075972	-0.13781996712566552	0.1125633032107647	-0.12752656451393807	0.1391228662465918	-0.12755190677878148	0.10610940601107954	-0.13515239118610595	0.08659337352363125	-0.08824227353017886
0.2774841381021089	-0.4723202890826792	1.0	-0.5015015381186081	0.2983787694264566	-0.1217742981206789	0.27271455504547054	-0.4360473855604079	0.26047001093735	-0.24423580622003302	0.10561182568058727	-0.2105133944742631	0.17649365412921192	-0.1528619308772995	0.1704641051220575	-0.23893605992941203	0.15337965387004096	-0.13168134110887272	0.1497347082416801	-0.17506206856398288	0.14635895731754126	-0.12311237709631084	0.155834877841896	-0.10432302930191677	0.10529126911006423
-0.1901009236853103	0.20360974907166327	-0.5015015381186081	1.0000000000000002	-0.6930808962289862	0.08463670647870049	-0.17669967474661827	0.2177898373373136	-0.3809151903427419	0.2333390916795928	-0.07455241841960372	0.14689996992039567	-0.13799055656403106	0.13087080136400053	-0.1480152431440287	0.1720271322711983	-0.1140526235639887	0.10222374879080924	-0.1226592933611525	0.14175289302986102	-0.10875553289823184	0.0914511709289017	-0.12086516909445946	0.08264990140843857	-0.08367183004433427
0.21833851760304285	-0.24077617985709243	0.2983787694264566	-0.6930808962289862	1.0000000000000004	-0.11548923989454804	0.19757347580198753	-0.24648439172075035	0.2828251177174583	-0.31883067000211923	0.09995359998079378	-0.19366486862128207	0.17305131273665864	-0.16180830906799648	0.19022335987023598	-0.2552931944712512	0.15243891897020972	-0.13432263001179884	0.15672089670963274	-0.1978280946246994	0.15124827499679605	-0.1254295842375781	0.16160070737119558	-0.11227738867456305	0.11332561752597847
-0.15764101103077743	0.11403253975618004	-0.1217742981206789	0.08463670647870049	-0.11548923989454804	1.0000000000000018	-0.1694739209278134	0.12734499872710578	-0.12090778701383147	0.10985936513061142	-0.9052379130598599	0.22213540244132496	-0.15907343853323275	0.108628647086118	-0.11629239310569871	0.17894414935199626	-0.1593037774375091	0.11237389125594167	-0.12160835780470494	0.11115668043035837	-0.1419787656837781	0.11064073809434079	-0.13769661072801	0.07863921307212408	-0.0814133169408545
0.24927385758094292	-0.3769298306646108	0.27271455504547054	-0.17669967474661827	0.19757347580198753	-0.1694739209278134	1.0000000000000018	-0.6791142670241181	0.22763470237822678	-0.21082435803630362	0.14545409116592806	-0.3988897534075728	0.21236580506900832	-0.16223855818676813	0.16636343318858532	-0.23105900961731166	0.18949102289996717	-0.14976261394992693	0.15935105108842046	-0.1692597602114046	0.1560752364678745	-0.14134419754967462	0.16713301332475372	-0.10715659935617011	0.10681208960265624
-0.24948729227828392	0.2613152632303144	-0.4360473855604079	0.2177898373373136	-0.24648439172075035	0.12734499872710578	-0.6791142670241181	1.0000000000000022	-0.34534010260758946	0.22403384814509666	-0.11892256980736964	0.2460042546816583	-0.23466795968449405	0.1689673255940505	-0.17790238076849152	0.20650488751908394	-0.17439521930558433	0.14674426733553866	-0.1655321891873824	0.16718668717256094	-0.14851926470560656	0.12771700467934843	-0.16797490919473343	0.10621633898996838	-0.10754716205827378
0.20377848657106581	-0.19885807257330002	0.26047001093735	-0.3809151903427419	0.2828251177174583	-0.12090778701383147	0.22763470237822678	-0.34534010260758946	1.000000000000002	-0.6354320301253339	0.10610466122107728	-0.22246800504170186	0.22221869776544395	-0.28255343916826187	0.26828469561142193	-0.24683452880524376	0.1708819793522358	-0.1668116986222237	0.2068701339680171	-0.24934407301116762	0.15871820868910708	-0.13853579680794806	0.18736710223064648	-0.13752613416035117	0.13658423108476248
-0.20845434338157853	0.17434030679372717	-0.24423580622003302	0.2333390916795928	-0.31883067000211923	0.10985936513061142	-0.21082435803630362	0.22403384814509666	-0.6354320301253339	1.000000000000003	-0.09994313882395556	0.2022637838091243	-0.23725314717611848	0.24268933531941986	-0.49209355321369563	0.22196352736948663	-0.17503479608249564	0.17188208521374543	-0.22837873719138319	0.2569292759898251	-0.16344805114898875	0.13814499045301243	-0.20836532914823674	0.14393442400850864	-0.1543947040264616
0.12917040876193867	-0.10219272773561362	0.10561182568058727	-0.07455241841960372	0.09995359998079378	-0.9052379130598599	0.14545409116592806	-0.11892256980736964	0.10610466122107728	-0.09994313882395556	1.000000000000003	-0.2886596495459586	0.14315862913877164	-0.0999722494813431	0.10274247042135089	-0.1962556788494009	0.14720170343893188	-0.10366896999774841	0.10799010531494034	-0.1020248812527673	0.12740879343812272	-0.10522766520977922	0.121276703262346	-0.07107200865199248	0.07223028442580293
-0.22686685877561125	0.18935462123234792	-0.2105133944742631	0.14689996992039567	-0.19366486862128207	0.22213540244132496	-0.3988897534075728	0.2460042546816583	-0.22246800504170186	0.2022637838091243	-0.2886596495459586	1.000000000000003	-0.4531227700977534	0.23490244617029843	-0.2218933782933243	0.28060902785235187	-0.47401090687895636	0.25348707979817053	-0.2545888997664249	0.21246002358946192	-0.25726866952377603	0.23397730834129227	-0.2746507640650878	0.15344377036996906	-0.15366889641991707
0.17834673390181915	-0.15423804518740836	0.17649365412921192	-0.13799055656403106	0.17305131273665864	-0.15907343853323275	0.21236580506900832	-0.23466795968449405	0.22221869776544395	-0.23725314717611848	0.14315862913877164	-0.4531227700977534	1.000000000000002	-0.5391134280361205	0.2536443098736665	-0.28838782913446115	0.2613713403470005	-0.42946696612081525	0.3109912430200353	-0.2725448998814613	0.19758246083622583	-0.20271713547125855	0.272224010799023	-0.18464303246049665	0.16626266775976853
-0.14825965636067842	0.12408779612193138	-0.1528619308772995	0.13087080136400053	-0.16180830906799648	0.108628647086118	-0.16223855818676813	0.1689673255940505	-0.28255343916826187	0.24268933531941986	-0.0999722494813431	0.23490244617029843	-0.5391134280361205	1.0000000000000036	-0.417745673023228	0.21816960869794266	-0.2036477383315955	0.27012309513734895	-0.5683662472316114	0.26913356698116814	-0.1603894074167978	0.1533743817556376	-0.24719210924560886	0.17749428636003622	-0.17097073504244115
0.1696851032416461	-0.1394215703523598	0.1704641051220575	-0.1480152431440287	0.19022335987023598	-0.11629239310569871	0.16636343318858532	-0.17790238076849152	0.26828469561142193	-0.49209355321369563	0.10274247042135089	-0.2218933782933243	0.2536443098736665	-0.417745673023228	1.0000000000000024	-0.25409548140288485	0.1841707367461275	-0.20355957311567174	0.26754483783440847	-0.5746250806952691	0.16852390005244122	-0.15283890565080183	0.22510791117850346	-0.20197969017298137	0.2043690163702582
-0.2884943101867291	0.19418938665075972	-0.23893605992941203	0.1720271322711983	-0.2552931944712512	0.17894414935199626	-0.23105900961731166	0.20650488751908394	-0.24683452880524376	0.22196352736948663	-0.1962556788494009	0.28060902785235187	-0.28838782913446115	0.21816960869794266	-0.25409548140288485	1.000000000000003	-0.38659086061844694	0.24461999765928302	-0.26559585320979734	0.2380079709387008	-0.5374169767837627	0.29283414605234953	-0.3398059412100794	0.17968505075768507	-0.19260266659869718
0.16778088524157	-0.13781996712566552	0.15337965387004096	-0.1140526235639887	0.15243891897020972	-0.1593037774375091	0.18949102289996717	-0.17439521930558433	0.1708819793522358	-0.17503479608249564	0.14720170343893188	-0.47401090687895636	0.2613713403470005	-0.2036477383315955	0.1841707367461275	-0.38659086061844694	1.000000000000003	-0.38956518930774103	0.23156496307846583	-0.21068847216883071	0.2966045312341303	-0.5479152006542882	0.279966456131333	-0.15869595487765706	0.1454697177100792
-0.13815542421520904	0.1125633032107647	-0.13168134110887272	0.10222374879080924	-0.13432263001179884	0.11237389125594167	-0.14976261394992693	0.14674426733553866	-0.1668116986222237	0.17188208521374543	-0.10366896999774841	0.25348707979817053	-0.42946696612081525	0.27012309513734895	-0.20355957311567174	0.24461999765928302	-0.38956518930774103	1.0000000000000022	-0.4949844989390393	0.23123349672104404	-0.1980525033546865	0.22258743729211378	-0.5627337486064868	0.20572909095167433	-0.18056753193077688
0.15482405480444572	-0.12752656451393807	0.1497347082416801	-0.1226592933611525	0.15672089670963274	-0.12160835780470494	0.15935105108842046	-0.1655321891873824	0.2068701339680171	-0.22837873719138319	0.10799010531494034	-0.2545888997664249	0.3109912430200353	-0.5683662472316114	0.26754483783440847	-0.26559585320979734	0.23156496307846583	-0.4949844989390393	1.000000000000003	-0.3574130584741847	0.18162439850978412	-0.18938920138175083	0.2909201657180353	-0.28639619924274745	0.2143001988264349
-0.18034914598744775	0.1391228662465918	-0.17506206856398288	0.14175289302986102	-0.1978280946246994	0.11115668043035837	-0.1692597602114046	0.16718668717256094	-0.24934407301116762	0.2569292759898251	-0.1020248812527673	0.21246002358946192	-0.2725448998814613	0.26913356698116814	-0.5746250806952691	0.2380079709387008	-0.21068847216883071	0.23123349672104404	-0.3574130584741847	1.0000000000000024	-0.19541267041883115	0.16947321293894552	-0.32018935981970936	0.2699493953658477	-0.440566787839868
0.16731226261340845	-0.12755190677878148	0.14635895731754126	-0.10875553289823184	0.15124827499679605	-0.1419787656837781	0.1560752364678745	-0.14851926470560656	0.15871820868910708	-0.16344805114898875	0.12740879343812272	-0.25726866952377603	0.19758246083622583	-0.1603894074167978	0.16852390005244122	-0.5374169767837627	0.2966045312341303	-0.1980525033546865	0.18162439850978412	-0.19541267041883115	1.000000000000002	-0.6655667044056298	0.23845567438889229	-0.14061924990473654	0.13285699814382734
-0.1370259440112196	0.10610940601107954	-0.12311237709631084	0.0914511709289017	-0.1254295842375781	0.11064073809434079	-0.14134419754967462	0.12771700467934843	-0.13853579680794806	0.13814499045301243	-0.10522766520977922	0.23397730834129227	-0.20271713547125855	0.1533743817556376	-0.15283890565080183	0.29283414605234953	-0.5479152006542882	0.22258743729211378	-0.18938920138175083	0.16947321293894552	-0.6655667044056298	1.000000000000002	-0.32178218143676174	0.13829260327933074	-0.13163785675599288
0.16883003039370267	-0.13515239118610595	0.155834877841896	-0.12086516909445946	0.16160070737119558	-0.13769661072801	0.16713301332475372	-0.16797490919473343	0.18736710223064648	-0.20836532914823674	0.121276703262346	-0.2746507640650878	0.272224010799023	-0.24719210924560886	0.22510791117850346	-0.3398059412100794	0.279966456131333	-0.5627337486064868	0.2909201657180353	-0.32018935981970936	0.23845567438889229	-0.32178218143676174	1.0000000000000018	-0.38792857901423883	0.24552071863600092
-0.11012901637482175	0.08659337352363125	-0.10432302930191677	0.08264990140843857	-0.11227738867456305	0.07863921307212408	-0.10715659935617011	0.10621633898996838	-0.13752613416035117	0.14393442400850864	-0.07107200865199248	0.15344377036996906	-0.18464303246049665	0.17749428636003622	-0.20197969017298137	0.17968505075768507	-0.15869595487765706	0.20572909095167433	-0.28639619924274745	0.2699493953658477	-0.14061924990473654	0.13829260327933074	-0.38792857901423883	1.0000000000000016	-0.7868074656250947
0.11203658282240125	-0.08824227353017886	0.10529126911006423	-0.08367183004433427	0.11332561752597847	-0.0814133169408545	0.10681208960265624	-0.10754716205827378	0.13658423108476248	-0.1543947040264616	0.07223028442580293	-0.15366889641991707	0.16626266775976853	-0.17097073504244115	0.2043690163702582	-0.19260266659869718	0.1454697177100792	-0.18056753193077688	0.2143001988264349	-0.440566787839868	0.13285699814382734	-0.13163785675599288	0.24552071863600092	-0.7868074656250947	1.0000000000000018
