0.8272974614549566
0.8708715516826491
0.3702646052262293
0.8556219904666489
0.8840390664032989
0.4451929475060292
1.4325298172129393
0.172755456767403
0.28709929932841316
1.1960951280640995
0.7234118440184201
1.4107004638095528
0.3896244696771576
0.06387400838188073
1.353733099603915
0.032784892551958045
0.4075709908433849
1.7345590512567783
1.1217996841865245
1.232366363149756
0.26334704430695677
1.9176548730144636
0.6108069643311356
0.2436636867044366
0.014790212358164911
0.17197857040455622
1.784981941197401
0.1641327023035073
0.5156247905514006
0.32723608248302005
1.1835971151920495
0.8000069164866215
1.975798172765506
0.10680526627107367
1.156906582366684
0.506134921936038
0.08681158903342734
0.1104009870470608
1.27756522282156
1.7211230073422654
1.0765661166070313
1.574588422678333
0.7892776687610734
0.7633246616552389
1.7094789728798188
0.4308459273221299
0.17209235018131874
1.2308851928428823
0.6952545341618492
0.8606250178966643
0.0761222377908064
0.7289167461388137
0.4332835323946438
0.8844217077910996
0.07595175858209391
1.6093158639610716
1.1396555438600728
1.4281263177360901
