1.6439541547470355
0.1364320507973389
1.2698872191205242
0.21134374476726503
0.569791627085841
1.5573408787496126
0.05046174810171733
0.5573755141455199
1.48808086268442
1.8803644676739228
0.3380668434656906
0.9479439693850757
1.1541558047615075
0.23141987651470464
0.14648922839494238
0.00715080310372862
0.3177303228215953
0.814550048232888
1.8167321308735271
0.10752608655941698
0.9006456243002794
0.3046637193037385
1.682000471587373
0.6867644947943328
1.1791512073307353
0.5532235059574457
0.7760921703335204
1.2227909969684325
0.9787112945744361
1.0989529378231526
0.7690470419405857
