0.09117155652230258
0.762446352822828
1.9986613803541853
0.358557919734134
0.14836842905291947
1.3971722992831355
0.46230612916092095
1.9574979711297065
1.0928350783238177
0.00036115094011712756
1.176807446628747
0.055997782347705805
0.031533542846831075
1.1597720456192993
1.595547625532208
1.7283231038335551
0.07509201357478101
0.6587322047720825
0.9351590398588359
0.4162750337675778
1.6714435362120343
1.8540126249417934
0.8277887436184375
1.6182966742057778
1.2257323747019835
1.466439567066486
1.914116177902808
1.7574412182347214
0.11256251901726433
1.9716206701808603
1.6742953230607065
