0.21822602216345555
1.9910468781247452
0.3701423862563389
1.673113378100704
0.8689237414852129
1.7377305743402434
1.355278373628984
1.040820732081107
1.4108945723150113
0.6595472083613343
0.2097751928535705
1.8242510748146414
1.3925667080153885
1.0475094270823266
1.5191514608691588
0.21265511146885618
1.434938534778187
1.6769631885251144
0.06382018197476569
0.1567631935869187
0.8245072842673351
0.39908722162195476
0.657338723290763
0.27288961142841206
0.9264110863013051
0.7747129333102523
1.071561282736194
0.31540320345833095
0.30267852586077737
0.6693735187023679
1.9655207092961287
