1.3385169680615778
0.05108406727083503
0.6425409631829866
0.2518628204026814
0.7442350939254831
0.12090571621919688
0.21223748602295744
1.1487609471790954
1.8621175088603596
0.9770865240433348
1.6794254784173956
0.5027598271374796
0.33156283031707323
1.374138563503827
0.9620147995856252
0.7233960149455791
1.5896852220313527
0.09318042647890667
0.45384552824058666
1.3183542271469317
0.8987187672202528
0.8883791748088128
1.2588706253963013
0.767971497856434
0.5932414571916782
1.3498974655283629
1.7060082284953224
1.6385091277300927
0.28560292967558887
0.25332077450187906
1.4877976985022814
1.2805756551986973
1.246866920479504
0.3496548068584504
0.7963738976333152
1.324374671521939
1.713636850890821
0.4446661142252233
0.9120050298352109
0.8138001096269649
0.25898846571596756
1.2920015709567783
0.15829604408235554
1.8824864994449242
1.113873567558041
0.3758511669376081
1.8189474536118895
0.9545725798768334
1.260187857181351
1.4854974176630988
1.329030525204534
1.8446201882010214
0.27157573855038786
0.3893292659975085
0.8085256125733098
0.5579900151313852
0.6195941110299152
0.3221160248964652
0.5948577401013924
1.2367226678432184
0.4647342944524602
1.2720040073236425
0.4140213751971751
0.7525806503884023
0.430230127836265
0.6973583582948635
1.6978181343892627
0.09014485993840449
0.09480500711117523
0.7547363968304106
0.24561175722068684
0.4323532248188213
1.7967715006844172
0.2928254086030515
0.05802433041871513
1.7111703826624751
