1.1827950891128785
0.41681369502348664
1.1096834226333177
0.9613694228904279
0.251260971197234
1.6205923734220216
0.44205367875610424
1.4356823320102028
0.8958462384793018
0.34219811614263307
1.0458626996210225
1.021643829280383
1.1910462517749743
1.412541399364036
0.44466320224102684
1.9106448606715132
1.2669346691648942
1.4039432981245032
0.936330409119007
0.05026609122842762
0.866855676386991
0.652503664031248
1.9492315597063068
0.059009884863689965
1.1178467017992872
0.2381134765115256
0.44220233889733906
0.5198286455877197
1.4166577544152306
0.37554350605586073
1.4151862912976299
0.3938714600415132
1.1204802553975663
0.6746795110567732
1.8025730163953275
1.8350880900067015
0.8888537281774247
0.44938027518137647
0.37127860873290075
1.098977816331582
0.1640241338234123
0.8969617123142797
1.6287203102342453
0.8045791436374805
0.2218701035675359
1.6042897459387735
0.9982888994288186
0.8126935537408566
0.020543344890916693
