0.8142937524394291
0.2791074091273802
1.6158194979644809
1.761833612056067
1.0157908445887536
0.46198940037330427
1.9304482361412756
1.5897111647615279
0.4262050301234308
1.7682294773660798
1.1657610492819068
1.4818079870472087
0.4587768016898237
0.6625053758720356
0.8312487967379925
1.7160949274673807
1.8068526250663322
1.5248044016146292
1.8789914652830504
1.3806917952644375
1.057502243862884
0.3209174316348249
1.2093947768692446
1.2186465213001534
1.289889258846682
0.7423279657751194
0.721514679841134
0.719364489280534
1.2641830487466486
1.7260254631733676
0.2098395194163465
1.8755747374432952
0.9454042372984954
1.3003742720795435
0.4692094027256348
1.0675212049999607
1.5515130698644057
0.668700627367504
1.600546847778109
0.643319075554158
1.9111397020905199
1.5408573862554533
0.5476213645774326
1.8176956572787897
0.621160876878398
0.898474634162866
1.5615556200981215
1.5448261256949758
1.26934184777742
0.7141976496766631
1.0755358205919023
1.7660474466244804
1.1027545727382781
1.0378741748349714
0.4582210248543772
0.8742940175902691
1.8768176236703775
1.3223670887630443
