1.9444800664074533
0.5683474520899896
0.3510145770818274
1.532051861317142
1.5758834961122519
0.29282717941197145
1.9594866674877243
0.3101910073878207
1.7737582276002843
0.16691343133607184
1.1237128156832168
0.8710151722728185
0.9087559850335438
1.7646578624781517
0.14986892807367047
0.8861229383531337
1.318358042278513
0.9354041194984002
0.9120848867847182
0.2533598469858793
1.7682897948676155
1.203843409877018
1.4752849276541928
1.3735121315953607
1.8774213113704699
1.4268248964969836
0.5634776661484988
0.9544765713729841
0.9075361183444741
1.4020124720827885
0.15366551223830394
