0.2491014960442972
1.3848408121245037
1.9412644265802306
0.11263100756292621
0.8882092514918178
0.10978735963009534
0.28692329668599426
0.1473085254417561
0.5821916103392257
1.6055446013923969
0.6275620342454342
1.918189707501658
1.3867657300248406
1.9880160820449015
1.8005607568953943
1.9262450323010727
0.6185493539042981
1.896873650573414
1.3547879848210398
1.35938423960323
1.2891774424670959
1.9115894585306656
1.4884186208721233
0.44516016902301336
1.5459433500115525
1.810405608970917
0.5916997244472575
0.004133138499144984
1.02011164693933
1.371273729875397
0.24665860504417658
0.1958413022935077
1.1915514588297582
1.5921593665252622
0.3268271399622371
0.09450804254331846
1.6606667247633853
1.1858855704171258
1.7541904874049692
0.7276793631365117
