0.9059402047535365
0.033557927091119044
1.2042306993234848
1.3936247195913292
1.7494708188754462
1.1625437474540203
1.3397846156516167
1.107559899244794
0.20772199200063657
0.24023668801013587
0.1728852439180799
0.5775402239832368
0.16102625496106082
0.820111087649654
1.2055611953463754
0.369733558671383
1.5359162093486107
0.07633248533713921
1.430681285108696
0.047812285876414506
0.4017820842515465
0.16997862496803817
0.27854851755348164
0.9893045099407041
0.49555346462133
1.6798960049098852
0.4112602450946543
0.5622647424468661
0.5668673155608848
1.8934209431952267
1.278266953161245
0.40413813367219475
0.23955129725277446
1.7674091650550903
1.118705640677634
1.5239709524619491
0.39799890168850505
1.6802049928702734
0.22648113721572694
0.5187994319142186
1.2591826250403257
1.5749574783489622
0.5624356537294499
1.898292447467028
1.2131361693426994
0.2217884393085625
1.3723016350335477
1.577322961364148
0.39195528352569653
