1.7718584737649734
1.6571270294755438
1.7194195447184275
1.8198461751351194
1.634537817105047
1.9247055580695691
0.07254963728975827
0.8407055492619446
0.48318826145205973
1.4022534674680283
0.06435646624555824
1.3695148722874761
0.46531835485086726
1.2058103875583979
0.8239273980003525
1.268881613762932
1.634797602376409
1.2805976348972226
1.798552243152164
0.7589314141045356
0.0003095932445034144
1.1179024990761457
0.026449886719810856
0.7655083164376606
1.092634546962592
0.9451983489886162
0.7572458744037993
0.5833022713574811
0.656340749716787
0.9524709234158841
1.1406202208274747
0.1949988074564155
0.3803178183412199
1.7469088848200656
0.4589410470634627
1.7647932426692057
1.8235205215698769
0.9900507174148232
0.5004785157121883
1.5199637506106827
0.7788754375234941
1.7521602296147916
0.6578382513822763
1.724394532822886
0.5611512289048046
1.921894410534792
1.3275262304508169
0.36593198904972324
0.553388772306934
0.9393768323553306
0.482991637122145
0.6944361991717591
1.4650552608145895
0.5233176537491993
0.09505911507802134
1.9776048023964292
0.9815554731447365
0.9603038910692412
0.021328607660215937
1.6399792574107237
1.5983773827471217
0.7754516092124759
0.4586179581160943
1.30820386641228
1.3874559287396044
0.12042540607802676
1.2236098414238308
1.4966841303415261
0.825622057985905
1.2762247669955733
1.934966055197843
1.9714058639032923
0.5893186049437085
0.751143856661419
0.2878635584751357
0.7255590989870577
