1.1986883641577348
1.6976423670895238
1.7397786596601814
0.08634587962923757
0.3014303500040132
0.21899833084606346
0.28370604405682043
1.2022545895762025
0.7763369017190884
0.01679732155193525
0.6488620377921235
0.8225882409282348
0.3031725667825591
1.1463901764301192
1.4336881608957723
1.1093427170122157
1.7882056909983652
1.1003059573072775
1.6842411437104694
1.8456378854965934
0.2945570082519713
1.0310329459617842
0.44131984029582494
0.037264279530999644
1.1696549703960701
0.24518380372649107
0.03141900892312233
0.7286542056307881
1.0656658183939123
1.493913717142041
1.0280734684017534
0.10571454109910183
0.8487500855702437
1.0707380563546751
1.1498729437749833
0.4889009636454369
0.3133707164298629
1.2695783974849535
1.5472453389695855
1.9146919663957238
0.7562689630691359
1.8924541884368522
1.5242460422009079
1.9863431620383163
1.5613476904904755
1.7999842742167171
1.477826301647898
0.3918229591061255
1.8411554313274867
1.6027362623571237
0.4264325597405674
0.985876186619361
0.755851660495046
1.0464902337024742
1.1746987483042637
1.6496325652709722
1.2022512839877395
0.3512383020375167
0.7750206231906427
1.7788083378152666
1.0252973366442588
0.6423086123571502
1.87649014969811
0.9350428222140148
1.2084542897535435
1.1886430043595855
1.102647242218671
1.593756506327582
0.3048069796089723
1.5781899462196596
0.8366967528632654
0.4030824146728449
0.5122650335686485
1.6163912099732758
1.3077573787193733
1.7455470616745736
