0.40384961278253906
1.2148370441547418
0.4220536516421731
1.8666356585438924
1.898525476619875
0.9828932643752801
1.4927673073607686
0.4821968706737052
0.38030163445075393
0.5490432875113287
1.7850992496803761
0.13353395927404144
1.371601969126631
0.596053601327053
1.5745128641929589
1.6820002577577804
0.9147025138342624
1.107896252381439
1.2344358818065837
1.313778655490633
1.74312542764669
1.2277349206544357
1.4027314724762534
1.1491038083495262
1.0141852784432355
0.6339025715155353
0.805834174615021
0.9277341399728489
0.003963588660282458
0.028797320937238524
0.254670522625851
1.4390808982619565
1.3077342256056599
0.2488276438913033
1.756709391960022
1.7050678133439354
1.5207326865572113
1.4189180709666211
1.4609808984271817
1.4981235651780667
0.2632357800096141
0.4001796572786791
1.9933924009331196
1.3192655688950246
1.6560635318912644
1.8845679221459015
0.24702841046244606
0.831760368038795
0.41770375243641444
