1.3148058458686656
1.8212537417732348
1.7517287834793835
1.2467595218412888
0.9060841817635992
0.11265854786973328
1.7016576496964002
1.0842142717505738
0.20557433002297731
1.559822959779873
1.9154937331913122
1.9677553817973101
1.4432322461210694
1.8421138993806143
1.8061469791715719
0.7758565215214697
1.317180681118891
1.1671504328184823
1.5781872258800527
0.1296511094354269
1.12900350579437
0.4541358862017595
0.3808277350819598
0.13580116277320764
0.619736248634462
1.9418337844663602
1.5365545320390743
1.0975759612385398
0.6226928359897186
0.8933746921134285
1.2927350608328343
0.21786035021006267
1.2127230582650594
1.627029829611753
1.961047898713609
1.8955346316253752
1.115002472288103
0.3547548522783073
1.8566572298557769
1.0506625129170661
