0.4295920867011431
1.9234750991906409
0.660327627893817
1.1329407305436865
0.8706525061952752
0.6696216486170128
0.42628366340389556
1.9147509944661554
1.8768709621960986
0.12845209342159647
0.43050105576330644
1.7007477140049718
0.05270377741482868
1.9384748594410302
0.13244135696680237
1.6226062741693212
1.9046546417447234
0.4573279522414433
1.4898870760699028
0.8937144568747439
1.0446551089359786
1.7091052858741418
1.173268804204298
0.6092646192303337
1.287814412501314
1.1791407009255948
1.5298971757007975
1.0308073988513882
0.7036040144924911
1.3801551280226012
0.9558410639762402
1.4747270780656208
1.199530080593295
1.6932329679533629
0.3780842568357152
1.5249238920475365
1.8382980189377056
0.08810363483629713
0.6115348957512494
0.9374233484818486
1.4280087743462793
1.5955527800490588
0.13249211010096973
1.8778917022572412
1.6643728418401404
0.3079873765313539
0.9081214597032954
1.7854486020374813
0.6254088935458606
