0.7813879149990024
1.189062147646951
0.388379252568519
1.5996807901355017
0.34630854310570625
0.6905904751514278
0.022686180479235762
1.7712971519012206
1.6805627689413942
1.799590206317486
1.017825786855048
0.25810172062598014
1.7921672162107174
1.9781567490042096
0.5082888563702328
0.28943305403659636
1.26238911223416
1.7807570754866577
0.7815917785485929
1.2533902109301382
1.6754405168204336
1.8348349338456011
0.2110833819022182
1.9665427123382342
1.9729285705508794
0.47098410418400594
0.4994794208056721
0.9061961662723124
1.0325728348055634
1.162317141695521
0.4437700285388124
0.2345157602068002
1.4930805102545688
0.026594095604866475
1.373543019072076
0.682267419238626
1.6379358699694602
1.3577531730200518
1.9887488199157755
1.3562138616575972
1.4208111174888214
1.8131336087245642
0.6077076784194189
0.24217146800750422
0.77445465375183
1.4158274874035612
1.8667131024715422
0.7514555257309765
1.741849962289189
1.7803111312136584
1.3796590773262132
0.7012307652225385
1.3253578626664035
0.20908585473490504
1.9142557610804816
1.0638492365988705
0.8670276621888537
1.0870823994479357
1.8280289599546293
0.6163469431664201
0.49848660648062504
0.8912146379335231
1.4992258711777922
1.4699433876744092
1.8746711002437544
1.2379816598398325
1.5047337328540857
1.179994533358995
0.629494950678736
0.4362332480137945
1.2839372604286785
1.6143441282185864
1.124828056896463
1.5636516361074984
1.6498087304303999
1.758661378896452
