0.840079692752016
1.4272934018551497
0.2940237518821709
1.259483050291979
0.184615938154304
1.5821269116420544
0.3273617127119457
1.950169781355671
0.24004842829847295
0.6193321323782861
1.7707781970448977
0.9341237341645123
1.0932758319298146
1.0813555328111826
0.9373084773020905
0.43530666415718633
0.2005472180180341
0.7663969905852959
1.0053392102300585
0.25676142617082487
1.8858106136105892
1.318056028702419
0.4171076345320812
1.9155092246985017
1.138823777798168
1.2277508343745298
1.2886244719054982
1.3592681097312487
1.2881998493909
0.5772996545817808
0.6065467671001943
0.6273730612691866
1.3160011241708922
1.279330588806911
0.923192598248491
1.3685560962641818
1.1782235811587425
0.1363727227897904
0.8636258582182847
1.4666251071348717
1.3269991216122872
0.567611195733448
0.0701584702168514
0.944297728840521
0.553213551239562
1.0997353110255421
1.8524896750739805
0.3851320370591216
1.9694143543196292
0.8612713697112926
1.7519102679106964
0.3605275224838649
1.4024422505211884
0.43326178672948545
1.3855013594802439
1.6995233658574818
1.8561216860750793
1.1457390917352477
