1.1993853766285363
0.7743742942597862
1.3896654871576688
1.3061467876499941
0.14225778143666812
1.3073982278902951
1.986455456478296
0.9093336270481118
1.5800315203102602
1.6225106528940478
0.7287974245497164
0.056107937686174836
0.6499948874894832
1.9936200031645819
0.12728103760132825
0.35894004952564895
1.9946620412373877
1.6704244741028171
1.6893632122031543
1.8454931196638582
0.7102194051393207
1.2169707627625455
1.7618012411521327
0.26328275399541834
1.0360544842619257
0.06442043725082058
0.11187407041289354
1.8055325712474075
1.7020379958875802
0.07738974799032317
1.3844496684816958
0.6734025703236011
1.4681112884786165
1.573347801044135
0.932747279688904
1.7458377694199254
1.1946206218149769
0.7356167198997667
0.6500091571196038
0.5817658281955405
1.3431372474175998
0.25073195664898407
0.769663979467432
1.2744833730448568
0.6204410618900327
1.6701394900047268
1.0921308736113513
0.3009353610445098
1.948095736493359
