0.1579640855608928
1.1999397938968848
0.9744326019263148
0.06769161592520145
0.21700141376987103
1.8273319646781996
0.35571967123304615
1.769263306961054
1.5558659709594003
1.9218222901748048
1.8159964223447602
1.739416402460022
1.053007151790334
1.6638216494236557
0.8904415764107632
0.6885673039766536
0.5682515631963163
0.7755139188755762
0.41401795510703554
1.1675096262939948
1.1696666521419665
1.7430372625008181
0.4028254027365712
1.0135342772939548
1.702691492293917
0.9802007902247722
1.035396522482166
0.4242973392249847
1.1388321378373814
1.1808509656936708
0.9017136182826331
1.3057747276246938
0.5684194081844316
0.8343459745176647
0.4642862592831771
0.36578713621499537
0.25668755438056046
0.5037849822022862
0.40501960346853716
1.6803639565514694
0.005131443458954887
0.2780458907774275
1.8626202169923554
0.6927651281285767
1.1362115322924207
0.5911699927260021
1.269375236154875
0.5361875501058173
0.7026417402619547
1.4221481894931238
1.9480778521179585
0.6236407979044323
1.1049301774216942
1.8795095508574335
0.24090915714695438
1.2739375821103671
0.047520601342211144
0.7087655342862407
0.32640247630788277
0.25497880303713494
0.0708670249074479
0.7831767293686713
0.5822909440741024
1.9524293139412818
0.2408113341165108
1.9821963800123625
1.923889980097636
