1.6561964165628078
1.8698003309835771
0.5143687421691894
0.08321919506705333
0.10443813754670384
1.3258782096284616
1.1106402204081491
1.7090671353897857
1.0964370359341737
0.9109155720522932
0.0467465102127278
0.2883623213874178
0.7903987746286889
0.65437391791929
1.1896105159371704
0.8391469202074457
1.4414578353226828
0.6614314429928423
0.07736054362253597
0.07067043618034852
1.9530637280016747
1.2137743868284083
0.8867918166356747
0.9297614117035873
1.2858719134447174
0.24552109590578342
0.027266903970180945
0.8574397997382572
0.2975609118476008
1.7940517670879328
1.530598461971822
