1.9088369852996943
1.9549618792420547
0.06176809371224179
0.9983537311283692
1.8630465024770766
0.9806291827207532
0.03547091295020488
0.8444934428869311
0.30922366803881607
0.24282401089655492
1.7638524780012852
1.6962355437841072
1.7186335522816285
1.7864577540051574
0.2087447856124216
1.7154707494155357
1.0553864500143995
1.3733518152877044
0.6417029799677771
0.32104051918964016
1.447103257162269
0.5139650470979382
1.6543594378096969
0.7527963693972666
0.2450534958457733
1.8532193467250258
1.9814709844898961
1.5789390637123542
1.5413393541453524
0.6795111344463081
0.1296192606502493
1.7170111912360353
1.6000035205985612
1.279015797051831
0.6046772046221975
1.3944935837572392
1.969574624355436
1.8731482371905472
1.1830104098642455
1.7034277872358676
