0.7550996478267429
0.8483203776196246
0.6904030352491981
0.20041084656576658
0.9033394355560209
1.1034357559700645
0.9235252143572752
1.4323483614087453
1.7012218815173274
1.8117689182366572
1.2076923690493917
0.6353418661571895
0.15609020121671957
0.2004605136243307
1.5197689435149129
1.5259671801271297
1.7772010751234397
1.83384576180647
0.6660521177960224
0.26459033654884223
0.7356264137261395
1.1289695155697617
0.5595496696798281
0.9704882037404157
1.705868539566108
1.087158889247791
1.3682873465544056
0.940924338706008
1.6100040798349013
1.45464756973495
1.6652695894948844
1.4029022021334852
1.2192954826104487
1.9767415878615044
0.9416466565477246
0.8010488582755944
0.19716547837047482
1.8455816027115821
0.3644582793830655
1.4004837498490295
1.5064687420758514
1.020884074657768
1.4660058072036821
0.8582304379306378
1.9929507432998022
1.7772774361613708
0.9380016792718977
1.7174225785221435
0.1938894786822276
0.7706807953369625
0.8537603500186686
1.1836437929866341
1.0945773511952979
0.29360872412640804
0.4424087512463317
0.6400487182782513
0.753892673663279
0.5170977513386124
1.5192239155476894
0.30494381801940795
0.7308308226672411
0.7203235292899888
0.23837480219046236
0.3695034274858906
1.8858972615646028
1.4510348384076002
0.13595740781490218
