0.7324835109481982
0.8851302528119023
0.9687782288272921
0.24279755840140727
0.4341833504754846
1.828505185384417
1.6459317673773235
0.807233202643082
1.1271814908422249
1.2943873660751941
0.9055753499856767
0.4179009322823193
1.7849952833746277
0.45530303145220863
0.5918256876191639
1.3549893261544246
0.18033345427667058
0.014438088037462382
1.8037236943449266
1.9026267096535379
0.9187071647006646
0.015635458288546733
1.7718531968388609
1.302543952393644
0.30478550356146705
0.7693192359338363
0.9308300792450273
0.44212518354603825
0.5833087180858261
0.1448430653111954
1.7466910689216566
