0.7446481722260843
1.6303115937715718
0.1998589537561637
1.6012384696289788
0.7009077875516176
0.45553744999695445
0.47275590669664425
0.9606536975103022
1.7520462708832172
0.43434511248280927
1.6644835203050423
1.9682529701472071
0.02701099035345722
0.5979939627511901
1.8381633095516703
0.7191005118398914
0.8918462617518834
0.17964837583523474
1.5546505035713856
1.10374184240231
1.285339845869578
1.1182559999652022
1.4680701277373474
0.0473592148786528
1.395830857548635
1.8676232973087448
0.5722036890352094
1.7980489173736829
1.0783610921524236
0.0973034514602027
0.7645196604590434
0.9665326820965383
0.12838538989241322
0.8941194136595012
0.013698467785039803
1.0049750647596505
0.3093651204905066
1.9814907608808197
0.7777335686366094
1.5451674314137889
1.147566377136965
0.2529273531085692
1.432072340602867
0.6631447133639514
0.8789836991538547
0.8053462715517861
0.64788302259283
1.8291415814533978
0.007419423916267487
0.9372416344562455
0.2556743986016432
1.128817468310599
1.5594612784965385
0.7803452384645349
1.3421651118852775
0.6627994537450022
1.6222758421989791
1.4603361392100545
1.1479938595366277
0.6071203980098248
0.8641543728573957
0.8941088571412017
1.8031524380187083
0.49680538900009674
1.178720678950405
1.6445982878019678
0.5763241280324367
0.29188389180909535
0.7529677121753271
0.15780771729296061
0.8197310732674388
0.6553557691121936
1.182564222188883
1.703667678817729
1.0859342891717456
1.6574837504052802
