1.5296408013494802
0.5805687817417908
0.7735526100456029
0.8345419088718184
0.17829762597061238
0.8719583740386931
0.1740194137633071
1.3636416403456488
1.0481428450663421
1.9474402744344705
0.5872932335562551
0.6306722783867444
1.6833749511200633
1.751173133109766
1.795430555516981
1.8861846028122509
0.8450129991493744
0.8806593602077673
1.6125415387033106
1.8561660618991094
0.290092395540412
0.8994901540008553
0.026477927334294105
1.163937332981817
1.4669805091553711
0.35652563569031726
0.1601577224782318
0.43288428452755445
1.0635012799291816
0.996304008712241
1.2153290786964361
