0.15692425327243154
0.5481938352829889
1.8834829548838652
1.0956369103427694
0.8871729056791144
0.4859378303983024
0.0742114031918577
1.1364530834786475
0.6764210129870554
1.7823495313518833
1.4453802439397325
0.8708932836727636
1.1724930488779144
0.31436360105342986
0.684966428304564
1.4501190546128324
1.0203757319576643
0.2874917711536593
0.9314957337679464
1.3211491477709107
0.12004739406011966
0.4958987225151028
1.162780749310433
1.0081376609863915
1.321880580201253
0.8377128433043453
0.8443730937801894
1.3676594767171748
1.718763018007123
0.861337503866868
1.0279582124349407
1.254018810924563
0.3372361922582643
0.7999611664775625
0.12008981369591787
0.3856553819175432
0.7440597871378198
0.5359031387762561
0.042898199994987785
1.8781275690997412
0.265939291780108
1.4915961023667168
1.6035124061898118
0.44910819570295946
0.5712760719836343
1.1178033664281348
1.3980983181594984
1.5173299169251147
1.0724581393801182
1.7654036998951863
0.8376093862287406
0.08951863396833648
1.6057606943894425
0.2750740861079439
1.252013620633916
1.3273342628532894
0.5890164517258847
1.4966816669337382
0.6761144687420337
1.6619102257437137
1.188041301131558
0.5371087877320018
1.094129703761228
1.5990537163552827
1.0473025109317953
1.1571686172375122
1.5720645520239893
