1.0498308017080262
0.08193707629734304
1.0520856780909753
0.29177757003039506
0.5262268391812941
1.496308483802315
0.5966919183860298
1.8959569083787193
0.6773329814952582
1.3159392108146029
1.9696819271834034
0.5369662687005143
1.7792683025503315
1.3778253250799448
0.6063086496174934
0.7843240876905906
1.7267016703035019
1.9383852463294633
0.2811920971628479
0.2685214346968814
1.5726917953166137
1.471197902890521
0.05363360749263313
1.8298711163912276
1.348967709536224
1.4804350201923064
0.9354281279715839
1.1442618964882287
1.6634840978564083
1.5594170718436433
0.6340556592684496
