0.08426685684281665
1.9273628475060143
1.4448729827098132
0.5476532648051657
0.4190206182029228
1.934212675940452
0.8177780936078336
1.8600740371695985
1.6955612271676
1.9551734467455537
1.275514416545402
1.0178423780107582
1.9748983635983763
1.314310259798881
0.2168773627484697
0.7756697632645277
1.6649723475415819
0.45727459056943776
0.20390114771740908
1.1058282243035662
0.7477405475194097
1.116125401393382
1.4710933290782844
0.19669913409831263
0.11295369151280932
0.754305014781989
1.5550926046395737
1.595090697549177
1.539935003684349
1.287787931214102
1.100171903231883
