1.475272238990319
1.796877509310049
1.3704015737099442
1.3802717204168387
1.7598841732250796
1.41494582252581
0.044633064234585795
1.040300539929556
1.6327641245697597
1.062176935040383
1.9197882369958577
0.7640178848014023
1.2216879941917402
0.8836566392192444
1.8989554101384845
0.9338308141089704
0.23529583709495494
0.2560270619644158
0.09041384467990321
0.21147962642013818
0.0040343579982971
1.1677096183246283
0.4660941149583411
0.01563340186887574
0.5393768855087635
1.5034607985433412
0.30325866065706464
0.231674210081664
0.750197929811665
0.04433072837426577
0.29271470247258247
0.973622377905174
1.4874514247585289
0.5521011218448506
1.5824419387272362
0.3697716868038783
1.8918899273140277
0.19934649225961198
0.16638181600016422
0.6108400423178613
0.06432847543421572
0.4925445484103146
0.003810831089189559
1.5831030288588965
1.0381023857447698
0.28235085393973103
0.6343668345424271
1.1240815252782173
0.2699384056249956
1.3925806397499478
1.4476154241319104
1.831368961002521
1.287234171323962
1.5616229429689992
0.15559292594287477
0.5384658841427679
0.9973382594162974
0.5184361961711654
1.6100918272076084
1.9625722999276838
0.5202433712582071
1.1299096894015133
1.055354238919283
1.112868183072389
1.5667906055625918
0.8652576751703616
0.8792230359925175
0.9855414971860346
0.9069256866506632
1.8832272835333388
0.7267859084432948
1.0521068705627847
0.26610876987739607
1.0979132888996501
0.6012412250473238
0.44154383618132487
