0.28579946393154865
0.3595008885509072
1.4615445010596764
1.735629257177151
1.6517153944950276
1.7686739812167267
1.815620086500656
1.353913379339862
1.8357775164579246
0.7423073605287613
1.7425869819365563
0.717027703332664
0.1667053558752345
1.644453906174106
0.13396637872690276
1.7123990973393797
0.5457024266436963
0.5414297221932114
0.2259386105555996
0.9716740344754351
0.9965332633336983
0.05950096660401938
0.043639821924167155
1.450404469486584
0.44368770394855916
1.2373451830214264
1.4152253738040743
1.3633107457655629
1.6570963716363125
0.8755886371007735
1.073421445002393
