0.4363575120841503
1.0083944667080318
0.22652730578381552
1.5064113675258688
1.7084398753900736
1.095166584447127
1.9076217649853113
1.5877510033460984
0.8158147272650664
1.9469743448887056
1.2746905327981306
0.743318326653684
1.226163932757419
0.2954451833811511
0.148356452299792
0.29666785913670557
0.15270430126038814
1.2036805900382528
0.8341146044709595
1.287202413024807
1.7425713021499605
0.2718138946254989
1.4835387784335232
1.9216719651342835
0.2858266398960634
0.06254755908948484
1.5776724778862685
0.0966311027011284
0.6517604418915384
1.556594913856753
0.4693576226772693
