1.5152228234243985
0.9122115267782713
0.2075941292597263
0.16446898720241832
1.1538676465844944
1.9054525225961556
0.7894827962439726
0.6292094571402829
0.5746736797224696
0.2331313763043079
0.16511640125946636
0.6729462614095545
0.952146299213465
0.8396634356806998
0.03419564908104489
1.690762759737698
0.44137313028876335
0.6640889079181229
0.10326102511449387
0.7544982354221297
0.14716020888344916
1.054101316253902
1.4385829064660136
0.0437580524633745
1.9272343837624581
0.3584767591675768
0.011583248240621735
0.7789398063620032
1.7630143148577972
1.3194036491220689
1.7960404612848424
1.263861192369891
0.023220220941010172
1.4227079500125543
1.5455781005905278
1.4679750260111475
1.8304385594503523
1.6140400964629213
0.7690804987955349
1.5822548989176521
