1.3501915031942109
0.19115119326645136
0.8034210276310838
1.0799232633549867
1.4427050348644541
1.24302939259963
0.561157714454541
1.6530497541384164
0.11581753429805586
1.0559208806621871
0.7962252309232056
1.5145194680506537
0.7901583605720441
0.005948655605730213
1.871990949872247
0.7966291310191718
0.554863589488725
1.1532300536380538
0.804969332335387
1.6735569763467288
0.8086801984751144
0.9261005991544877
0.7746109164515871
0.32988063909333354
1.0854317084365888
0.46118276196749797
0.30893607077830554
1.528582879014512
1.602748749840937
1.8591258398682688
1.1562920608611162
