1.794474186156974
0.6700028013849222
1.389496196615736
0.6576454744519538
1.5768938563150794
0.19428679247913738
1.5529909478249464
0.8513110758043485
0.8111451174156716
1.0507663914204577
0.7809104081075797
0.5303994387205639
0.2903840954181147
0.708826677501516
0.810869554133065
0.3412777398343536
0.2514615586748863
1.0421701996929746
0.1987513575663491
1.4611570656962254
0.9711152372352774
0.04779073769118991
0.15966595952097817
0.6891189553333037
1.1716386292906078
0.7810792587943514
0.9585762236101489
0.7662097702698003
1.865282779485176
1.1740326328978812
1.2201164315605224
0.030348167293831718
1.1438448407652184
1.0076541381068154
0.05889337636460734
0.14919691792245082
1.322461552952535
0.4645613093915668
1.9927505136832773
0.26739141486717344
0.184575460975418
1.354305110132747
1.7174072075051918
0.0632644199014254
1.1850028943710016
0.7067290895889626
1.9479156405787283
1.674686761070019
0.24458585086642737
0.5391642660322256
0.31846583620700253
1.1794249894563564
0.04998257097329972
1.340035190497035
0.7038882709571079
0.3302186431521732
0.8824071282932224
1.440082377355215
