0.6728372234175017
1.9097383680357312
0.7609315782037327
0.140158619310228
1.2450331842873776
1.597519682777067
1.7234657699456744
1.2810173687618471
1.8098062297567945
0.9658519626586397
0.6462482220540897
1.5749894229728993
1.1112701852073212
0.9950830319353585
0.8627792539845149
0.6112096638580007
1.3547123957366822
1.6676505703334348
1.7920603198821698
1.2636537305399007
0.5249444493536273
0.4437064202231653
0.24799720240111345
0.0802861419783083
1.075736289864246
1.7683139136644743
1.222244935115108
0.6494457123690336
0.9511390745244275
1.7893231244941465
0.32586511973891774
