0.9636177893943327
1.454926349853817
0.2391544664512848
0.40561718071357156
1.406984309060102
0.14887229033678784
1.2698880691859218
1.6606310909857713
0.2691712148413412
1.4549136321543776
1.853075631395252
0.9849904763156738
1.809241290884545
0.26933149382496113
0.10995674764492147
1.595266693000807
0.5438642803513556
1.5206459669299175
0.5701178108897329
0.7342098333088849
0.6011841338973323
1.817563720045663
0.027808710721222152
1.8765716956729719
1.8384324241112764
0.14579523279371331
1.1916697060958645
1.1457596094983695
0.7876817489651637
0.9549303120217023
1.9118873345211553
0.46101215894366243
1.4717548032547234
1.763641551295886
0.846549030018489
1.550093675806167
1.297549355662928
1.1043102345944673
1.2976185872736936
0.5261419328779358
