0.4032893661851338
1.3821079668743317
1.291990751023003
0.13202435579863314
0.10486287572167541
0.6107764759743088
1.2105263836688405
1.959841404424818
1.2693059901121457
0.5855228471249774
0.766404570674371
1.1794703025767568
0.28704844476881064
0.441196977598993
1.900794684522281
0.7251251946257189
0.3205807310078326
0.315794872155041
1.7254809165292189
0.5771359019125577
1.5328781679922994
0.45938307602743045
1.2004406813428972
1.327928699128249
1.8301982254048124
0.984839160055567
0.03632976477704508
1.0727063315551146
0.5603644925844695
0.8607016172868858
0.4146043925897138
