0.28288218056334813
1.2886506790461696
1.9976646617098819
0.05027554144303492
1.5583725504289387
1.3270287689835514
0.9415220150344834
1.23185296648728
1.1653123831791388
1.7056412251810462
1.8883460250828064
1.108791299317502
1.1089189590918607
1.6772763244456224
0.6765406169045032
1.5873901930879653
0.335795689621885
1.6342623841585429
0.6119112517710379
0.23099069433652852
1.6114392707643348
0.5037566526345003
1.0330733344478698
1.4867056016293696
0.22196082782350013
0.36712581750368223
1.9446384208461973
0.7464780079258482
1.0971565155227374
1.7278671023346206
1.7702046973332934
0.16320050873495262
1.7038735968720773
0.5531061858606336
0.14074793689454124
0.5692540765156728
1.863268447516091
1.5324222974408563
1.7305175708265077
1.6431051359933226
1.6322341677752497
0.4380558023171499
0.02873095032148454
1.2345889717124465
1.7649190557018146
1.0616176075406671
1.699835331546129
0.8353299555225773
0.5009302642121858
0.636873842881843
1.1932679930871712
1.2415097169963447
1.894384463440999
1.1192639447147847
0.2608856966009272
0.9611544963285388
1.7207681558038872
0.7345775337454747
1.2343796080379863
1.1437740811438766
0.7071629613075183
0.8552083917365452
1.7918576274204727
1.2440149292864677
0.9830667389466297
1.2157146239984424
0.5265970077030375
1.9035314567581434
0.38126792924169806
1.6129363531714382
1.0877788176218592
1.4649130056895552
1.3187549902511986
0.6526520356181189
1.5816672807955499
1.376207961283249
