0.22455170982452266
1.9836397662900374
1.9499936309311812
0.004262126997554017
0.37383192780200014
1.696123930989851
1.2980925972463697
0.055540536388780204
0.08812291273364625
1.3840455769077145
0.5233901106225338
1.5471008074915678
1.8983857321144764
0.5581942207580739
1.3532948649868155
1.7300313891717258
0.6486333804462596
1.1694651156469908
1.7468197615961296
0.731005870407984
1.3312985756123874
1.1969361778072125
1.540145015914872
0.5612423640532476
0.016893205085875884
0.23920325754851035
0.7803469957748921
1.6229319123304147
1.3755574910015826
1.6077498662743737
0.7649263097542391
1.8055097834685192
0.9741758343560161
1.465850264003667
0.8978965560896852
1.235313376684652
1.617283742438671
1.7616707754612055
1.2285259209152688
1.3173551314512841
0.9375961434993032
0.05547008968550715
0.4849174075147529
1.2757940525794624
1.7873619856198584
1.5845153527896834
1.4997860573773476
1.0914912436760407
1.8083368169542462
