1.0000000000000002	-0.4846753361436529	0.1679932523122493	-0.1403190197342194	0.11207059267057767	-0.7345146165927765	0.29277229061667626	-0.15343555594218733	0.11587609603078478	-0.09483389152143265	0.257143783161284	-0.2732420575873286	0.1362758611010912	-0.10473231091534868	0.10285495804383563	-0.1204820984770834	0.12484580790534744	-0.1448657263753415	0.08329220757942121	-0.08439040306590666	0.11081579900729546	-0.13452144413682762	0.13818374572216102	-0.06100175636851472	0.059804052795025785
-0.4846753361436529	1.0000000000000009	-0.21918689116350967	0.14353805649877058	-0.11985804236869793	0.28602060612845476	-0.7445879708428568	0.1794218475998334	-0.13532105880076611	0.09855150604856094	-0.24324895249655643	0.23871032604952913	-0.1475617725233352	0.10951079401283002	-0.1102965092969285	0.10640161136104254	-0.12025364423499128	0.13848134658933678	-0.08642650868705118	0.0847171021164912	-0.10572673819794091	0.1176328667434617	-0.14089823161833157	0.06074720880054651	-0.060726038561958726
0.1679932523122493	-0.21918689116350967	1.0000000000000009	-0.5036657174355029	0.2651512932603398	-0.1690955935406624	0.19464493262992283	-0.43606351669318916	0.28185950100585916	-0.23174529705781935	0.21124885819346895	-0.25295937930837487	0.2528343069762219	-0.23268159034946306	0.22503249037802361	-0.14867294505255335	0.17423528791043746	-0.27913974676810904	0.17638167711242406	-0.18700234547647132	0.15101524381283754	-0.20031276759196703	0.279033030443689	-0.1314506633622051	0.12719337715589432
-0.1403190197342194	0.14353805649877058	-0.5036657174355029	1.000000000000001	-0.4807493739744919	0.13005987906874447	-0.1545257957020422	0.2954032989974357	-0.49553062527784336	0.27733931171325027	-0.1892069532602215	0.19609835205724704	-0.24627380028294482	0.25237308055808316	-0.29797285413615787	0.12309810353370697	-0.1501583761467183	0.22520540693659877	-0.19323002871412082	0.18293836098095265	-0.1324065901750187	0.15834787581927723	-0.275941098881066	0.12446622154884239	-0.12803754633444275
0.11207059267057767	-0.11985804236869793	0.2651512932603398	-0.4807493739744919	1.000000000000001	-0.1108404448458608	0.1234432812410141	-0.2475294577373084	0.2657863960510343	-0.6498213379599072	0.15587951175175938	-0.18068004762509723	0.2046577285662848	-0.25186199129056547	0.2896408793614812	-0.11264619284738243	0.13450939966748438	-0.22050577690175305	0.17735325098525026	-0.20145868597378483	0.11590396872948079	-0.15192278076112015	0.22456156337647454	-0.12512970882543872	0.11898288643042823
-0.7345146165927765	0.28602060612845476	-0.1690955935406624	0.13005987906874447	-0.1108404448458608	1.000000000000002	-0.3750249741578707	0.1475867496604044	-0.11501356157894191	0.09116450651814509	-0.42862931846052127	0.25560171564188083	-0.1361528842446794	0.1013464389056631	-0.10180077053551795	0.1308764013167453	-0.13237194394092947	0.1389193650547689	-0.08161245985095014	0.0809563116983451	-0.12291166195217125	0.13150904938309493	-0.1386471718934362	0.059141941173577885	-0.05873477479457253
0.29277229061667626	-0.7445879708428568	0.19464493262992283	-0.1545257957020422	0.1234432812410141	-0.3750249741578707	1.000000000000001	-0.24507111670347714	0.14760835532718014	-0.10602665065127861	0.24295630815267463	-0.36200265110804064	0.16628485625427414	-0.12165533182205261	0.11642275238886639	-0.11434502540425297	0.12960240506474155	-0.1551035197320924	0.09239087897893478	-0.09126275747645593	0.10902735715097613	-0.12722894448559932	0.143978376796772	-0.06379347132724415	0.0631954976552759
-0.15343555594218733	0.1794218475998334	-0.43606351669318916	0.2954032989974357	-0.2475294577373084	0.1475867496604044	-0.24507111670347714	1.0000000000000004	-0.5766267848610998	0.21675382672511037	-0.1999833221707305	0.22405638619321358	-0.455709494689443	0.26830999360058494	-0.24970216051154684	0.1259614206508417	-0.15963392348227542	0.25650374801881776	-0.18580744556564996	0.16961355330123817	-0.13002543062649025	0.15532149502610343	-0.23964014494924862	0.10966501440067676	-0.11121883767720994
0.11587609603078478	-0.13532105880076611	0.28185950100585916	-0.49553062527784336	0.2657863960510343	-0.11501356157894191	0.14760835532718014	-0.5766267848610998	1.0000000000000004	-0.3234538727734765	0.1565351813654465	-0.1850843078062625	0.26704663992277833	-0.4241839519646417	0.2708184226446695	-0.10667655707350691	0.1315020321959505	-0.22971707352408666	0.19401279494792673	-0.19077164946777597	0.10830159447397067	-0.135529502448804	0.20247384093018997	-0.10795246892692392	0.10652414555019413
-0.09483389152143265	0.09855150604856094	-0.23174529705781935	0.27733931171325027	-0.6498213379599072	0.09116450651814509	-0.10602665065127861	0.21675382672511037	-0.3234538727734765	0.9999999999999996	-0.13368927428939284	0.14778634125259682	-0.20029908507272018	0.2567727773017151	-0.5536358492545045	0.09213058865300204	-0.11330139261397487	0.18308763564905242	-0.18027980899030582	0.18153588829792303	-0.09645992465885106	0.11985710624406717	-0.19496835474677046	0.10515793324205275	-0.10695935523880809
0.257143783161284	-0.24324895249655643	0.21124885819346895	-0.1892069532602215	0.15587951175175938	-0.42862931846052127	0.24295630815267463	-0.1999833221707305	0.1565351813654465	-0.13368927428939284	1.0000000000000009	-0.6350236894403853	0.21532482831595098	-0.15495335250049394	0.14779839414517995	-0.325209957062059	0.24338925032123798	-0.24286357506415543	0.12410550332163281	-0.12540816658156637	0.21683615720196125	-0.25496954890437784	0.20608989908365252	-0.09062655943467715	0.08811467071781182
-0.2732420575873286	0.23871032604952913	-0.25295937930837487	0.19609835205724704	-0.18068004762509723	0.25560171564188083	-0.36200265110804064	0.22405638619321358	-0.1850843078062625	0.14778634125259682	-0.6350236894403853	1.0000000000000018	-0.33574640577492465	0.17956141533752598	-0.1778768975641879	0.22364813568043185	-0.2993759253699041	0.25229016802906384	-0.14409399156558889	0.13635539980172925	-0.21629451181629636	0.22251304358145169	-0.23673547625230004	0.09832653010454467	-0.09877442467616977
0.1362758611010912	-0.1475617725233352	0.2528343069762219	-0.24627380028294482	0.2046577285662848	-0.1361528842446794	0.16628485625427414	-0.455709494689443	0.26704663992277833	-0.20029908507272018	0.21532482831595098	-0.33574640577492465	1.0000000000000049	-0.4148831871355772	0.2408360713499561	-0.15731807878452778	0.20567535257133118	-0.5695241845536746	0.2101610375500017	-0.19765763211525902	0.1475120576847273	-0.18848078026441073	0.24205124495410507	-0.11763515189951342	0.11463235960660675
-0.10473231091534868	0.10951079401283002	-0.23268159034946306	0.25237308055808316	-0.25186199129056547	0.1013464389056631	-0.12165533182205261	0.26830999360058494	-0.4241839519646417	0.2567727773017151	-0.15495335250049394	0.17956141533752598	-0.4148831871355772	1.000000000000003	-0.5442778889576362	0.10754723359983323	-0.13839587511589957	0.24934566013275794	-0.4149037541881769	0.2631872665036886	-0.10973446462150604	0.1353462155322425	-0.21293452549824857	0.1264725535055139	-0.13042354372503662
0.10285495804383563	-0.1102965092969285	0.22503249037802361	-0.29797285413615787	0.2896408793614812	-0.10180077053551795	0.11642275238886639	-0.24970216051154684	0.2708184226446695	-0.5536358492545045	0.14779839414517995	-0.1778768975641879	0.2408360713499561	-0.5442778889576362	1.000000000000003	-0.10803036715534291	0.13239297349971363	-0.24077781764966483	0.25144402525100973	-0.31766789988313454	0.10875883500095959	-0.14112706733345104	0.20787293765567846	-0.13992282979124857	0.13453164718921592
-0.1204820984770834	0.10640161136104254	-0.14867294505255335	0.12309810353370697	-0.11264619284738243	0.1308764013167453	-0.11434502540425297	0.1259614206508417	-0.10667655707350691	0.09213058865300204	-0.325209957062059	0.22364813568043185	-0.15731807878452778	0.10754723359983323	-0.10803036715534291	1.0000000000000009	-0.5812199070780373	0.20886823999799708	-0.09532579109677088	0.09150916337191854	-0.636662157794944	0.321815740655628	-0.18270776151079673	0.07039552777003166	-0.069656453503875
0.12484580790534744	-0.12025364423499128	0.17423528791043746	-0.1501583761467183	0.13450939966748438	-0.13237194394092947	0.12960240506474155	-0.15963392348227542	0.1315020321959505	-0.11330139261397487	0.24338925032123798	-0.2993759253699041	0.20567535257133118	-0.13839587511589957	0.13239297349971363	-0.5812199070780373	1.0000000000000009	-0.3947146740271014	0.12222863664595213	-0.11814888424834431	0.31608439908863256	-0.5341538617323501	0.21834610525505732	-0.08729026588336736	0.08489371786495997
-0.1448657263753415	0.13848134658933678	-0.27913974676810904	0.22520540693659877	-0.22050577690175305	0.1389193650547689	-0.1551035197320924	0.25650374801881776	-0.22971707352408666	0.18308763564905242	-0.24286357506415543	0.25229016802906384	-0.5695241845536746	0.24934566013275794	-0.24077781764966483	0.20886823999799708	-0.3947146740271014	1.0000000000000004	-0.26243894560162534	0.20370918239930524	-0.20827321794095474	0.24224256046873655	-0.4063357807678528	0.14353058209187855	-0.14512819227394605
0.08329220757942121	-0.08642650868705118	0.17638167711242406	-0.19323002871412082	0.17735325098525026	-0.08161245985095014	0.09239087897893478	-0.18580744556564996	0.19401279494792673	-0.18027980899030582	0.12410550332163281	-0.14409399156558889	0.2101610375500017	-0.4149037541881769	0.25144402525100973	-0.09532579109677088	0.12222863664595213	-0.26243894560162534	1.0000000000000009	-0.7610334901380802	0.09550887541021758	-0.12332859468175805	0.1982820802564298	-0.2007949679549615	0.19186277148236164
-0.08439040306590666	0.0847171021164912	-0.18700234547647132	0.18293836098095265	-0.20145868597378483	0.0809563116983451	-0.09126275747645593	0.16961355330123817	-0.19077164946777597	0.18153588829792303	-0.12540816658156637	0.13635539980172925	-0.19765763211525902	0.2631872665036886	-0.31766789988313454	0.09150916337191854	-0.11814888424834431	0.20370918239930524	-0.7610334901380802	1.0	-0.09616153513998509	0.11932447998499962	-0.22794571900665067	0.21484392352731535	-0.31638259482095965
0.11081579900729546	-0.10572673819794091	0.15101524381283754	-0.1324065901750187	0.11590396872948079	-0.12291166195217125	0.10902735715097613	-0.13002543062649025	0.10830159447397067	-0.09645992465885106	0.21683615720196125	-0.21629451181629636	0.1475120576847273	-0.10973446462150604	0.10875883500095959	-0.636662157794944	0.31608439908863256	-0.20827321794095474	0.09550887541021758	-0.09616153513998509	0.9999999999999998	-0.6305835061577324	0.19103464685388144	-0.07569345244949005	0.07290522903459747
-0.13452144413682762	0.1176328667434617	-0.20031276759196703	0.15834787581927723	-0.15192278076112015	0.13150904938309493	-0.12722894448559932	0.15532149502610343	-0.135529502448804	0.11985710624406717	-0.25496954890437784	0.22251304358145169	-0.18848078026441073	0.1353462155322425	-0.14112706733345104	0.321815740655628	-0.5341538617323501	0.24224256046873655	-0.12332859468175805	0.11932447998499962	-0.6305835061577324	1.0000000000000004	-0.31047564772641123	0.10177994287678106	-0.10122418009301566
0.13818374572216102	-0.14089823161833157	0.279033030443689	-0.275941098881066	0.22456156337647454	-0.1386471718934362	0.143978376796772	-0.23964014494924862	0.20247384093018997	-0.19496835474677046	0.20608989908365252	-0.23673547625230004	0.24205124495410507	-0.21293452549824857	0.20787293765567846	-0.18270776151079673	0.21834610525505732	-0.4063357807678528	0.1982820802564298	-0.22794571900665067	0.19103464685388144	-0.31047564772641123	1.0000000000000013	-0.32678420221282856	0.22315188083328658
-0.06100175636851472	0.06074720880054651	-0.1314506633622051	0.12446622154884239	-0.12512970882543872	0.059141941173577885	-0.06379347132724415	0.10966501440067676	-0.10795246892692392	0.10515793324205275	-0.09062655943467715	0.09832653010454467	-0.11763515189951342	0.1264725535055139	-0.13992282979124857	0.07039552777003166	-0.08729026588336736	0.14353058209187855	-0.2007949679549615	0.21484392352731535	-0.07569345244949005	0.10177994287678106	-0.32678420221282856	1.0000000000000013	-0.86594077198953
0.059804052795025785	-0.060726038561958726	0.12719337715589432	-0.12803754633444275	0.11898288643042823	-0.05873477479457253	0.0631954976552759	-0.11121883767720994	0.10652414555019413	-0.10695935523880809	0.08811467071781182	-0.09877442467616977	0.11463235960660675	-0.13042354372503662	0.13453164718921592	-0.069656453503875	0.08489371786495997	-0.14512819227394605	0.19186277148236164	-0.31638259482095965	0.07290522903459747	-0.10122418009301566	0.22315188083328658	-0.86594077198953	1.0000000000000013
