0.5973869712439401
1.3029511283950952
0.2229024304945253
0.3284758141744972
0.21179192113572398
1.48441189320849
0.5943191071477458
0.06168270423094757
1.5774277995178223
0.03565556502593159
1.904006288433718
1.5766062696367111
1.8933099761173215
0.6905461373557222
1.3712057913555573
1.6586841022139502
1.9896097299837407
0.8794273835498005
0.7216980134919808
1.4507323733398443
0.24409221713710672
0.5188860553781272
0.6103610591109274
1.3852308582905706
0.4593856839998338
1.3934562999646625
0.3993558508172135
1.5227814636898311
0.1821713824950697
1.3168525492708771
1.078757898269601
0.011834748510493487
1.7208566636877398
1.7556272219329103
1.5904232353451793
1.275758460498405
1.3720209293326118
1.1665719240927337
0.11177851820761342
1.084305269259425
0.8963321520774721
1.2958984933887105
0.63981448444724
0.953134864628201
1.4380043271228398
1.9289999218191274
1.5397399711358855
0.17968139615841094
1.2315248373324539
1.6566684364953028
0.19975948180508718
0.22504427047757014
1.04517568386657
0.7349425991335665
0.8488964154735119
1.810528067744908
0.24845025742543436
1.294318549805189
