1.0000000000000002	-0.9152646319491494	0.17498161641873947	-0.12347730347230229	0.08002188871024879	-0.23111946964294222	0.18294226051942375	-0.16598255796282704	0.09841954827269285	-0.08303842040641488	0.10589924567755937	-0.0929257950845806	0.09499457415672241	-0.0816323106146391	0.07061930847644765	-0.09636568732048151	0.07659314779327363	-0.09853011761045924	0.06895038061683355	-0.06508567657814551
-0.9152646319491494	1.0000000000000002	-0.2291443269310347	0.12105278298022862	-0.08360675828533717	0.17696101717471113	-0.20324385499963768	0.15712874504248422	-0.10144157833402605	0.08048888726835819	-0.1025402978002364	0.08687679242832702	-0.0942335981205046	0.07911331572981777	-0.0709556564511738	0.0870352439117542	-0.07416666449860412	0.09182930138538473	-0.06825295052342423	0.06236423197206167
0.17498161641873947	-0.2291443269310347	1.0000000000000007	-0.5346249540452672	0.22683679653438693	-0.13272957730421864	0.15196627481094624	-0.6499430479447721	0.2666864872478868	-0.2264602818437817	0.1022101756641973	-0.13386423210190385	0.20752562925077137	-0.1966969808851638	0.1652037941339291	-0.10256205285836599	0.10899096285399316	-0.20537499647383334	0.15128139724872136	-0.14428268377523093
-0.12347730347230229	0.12105278298022862	-0.5346249540452672	0.9999999999999999	-0.5419588355157482	0.09207171401452512	-0.11316977400159887	0.28300633595148755	-0.45082979067434736	0.2918352429084688	-0.08288550473966955	0.10415874365323048	-0.17648701434501282	0.22108871771216027	-0.21837773364832969	0.0793404073134945	-0.0916128644337816	0.16123481651644683	-0.17320059010076885	0.15283560392678375
0.08002188871024879	-0.08360675828533717	0.22683679653438693	-0.5419588355157482	0.9999999999999997	-0.07403655409020858	0.08690893654916344	-0.22921293838342371	0.2764222197890836	-0.7042070587163229	0.0674659054086399	-0.0895869316503277	0.14044191009867568	-0.21481604211252225	0.2144220540906555	-0.06755066642981516	0.07677070349776015	-0.14872093478705578	0.1503625442094021	-0.1659562389172563
-0.23111946964294222	0.17696101717471113	-0.13272957730421864	0.09207171401452512	-0.07403655409020858	1.0000000000000004	-0.8109227205989132	0.15507770115230332	-0.10144340888414206	0.07319573406818003	-0.39282923614777354	0.18367264421315985	-0.1279890316628929	0.08523443382288678	-0.07622894322162377	0.22643757204028822	-0.15770142922522631	0.12285486004120742	-0.08084434937957245	0.07033904363025241
0.18294226051942375	-0.20324385499963768	0.15196627481094624	-0.11316977400159887	0.08690893654916344	-0.8109227205989132	0.9999999999999999	-0.22542982436173534	0.11982006899949028	-0.08988367499367345	0.2614034767846148	-0.2466765046753976	0.1540180982016852	-0.10630798704269061	0.09092722600251028	-0.2790573895311558	0.17560475114572713	-0.1582376720012289	0.09734130337825952	-0.08800299418579069
-0.16598255796282704	0.15712874504248422	-0.6499430479447721	0.28300633595148755	-0.22921293838342371	0.15507770115230332	-0.22542982436173534	1.0000000000000002	-0.39756338909777555	0.20504048012931503	-0.12834823373509832	0.16380646258432965	-0.37272222280952133	0.22199359012188005	-0.19893537804400582	0.12085080431877242	-0.13958574117244615	0.23343018198622295	-0.19059360536846326	0.15798263759328576
0.09841954827269285	-0.10144157833402605	0.2666864872478868	-0.45082979067434736	0.2764222197890836	-0.10144340888414206	0.11982006899949028	-0.39756338909777555	0.9999999999999994	-0.4261549945878387	0.09282395483213542	-0.12733118015914577	0.20968103267623198	-0.5333720998773942	0.2692218682366469	-0.09327542436525464	0.1078711753933897	-0.2157317383491625	0.22061884888769148	-0.21442160000616148
-0.08303842040641488	0.08048888726835819	-0.2264602818437817	0.2918352429084688	-0.7042070587163229	0.07319573406818003	-0.08988367499367345	0.20504048012931503	-0.4261549945878387	0.9999999999999994	-0.07121765596089832	0.09188741687681108	-0.15491761248361738	0.24811995048989713	-0.3718365914375348	0.0686866763989017	-0.08228520929173858	0.15156282778791874	-0.1924360558929007	0.19162033968685255
0.10589924567755937	-0.1025402978002364	0.1022101756641973	-0.08288550473966955	0.0674659054086399	-0.39282923614777354	0.2614034767846148	-0.12834823373509832	0.09282395483213542	-0.07121765596089832	0.9999999999999998	-0.38442232315707103	0.16245711545576416	-0.09405132289204703	0.08023638031096171	-0.7312465947509611	0.2803826454052457	-0.17616442642985955	0.0938061956541728	-0.08297949957967382
-0.0929257950845806	0.08687679242832702	-0.13386423210190385	0.10415874365323048	-0.0895869316503277	0.18367264421315985	-0.2466765046753976	0.16380646258432965	-0.12733118015914577	0.09188741687681108	-0.38442232315707103	1.0000000000000002	-0.3782949800997211	0.1290509070208976	-0.11271839418259973	0.2897332642248539	-0.7113758352514401	0.2545009938325935	-0.13708794120762657	0.11059689273560841
0.09499457415672241	-0.0942335981205046	0.20752562925077137	-0.17648701434501282	0.14044191009867568	-0.1279890316628929	0.1540180982016852	-0.37272222280952133	0.20968103267623198	-0.15491761248361738	0.16245711545576416	-0.3782949800997211	1.0000000000000022	-0.27090758301634604	0.18784159599214997	-0.16426138713062952	0.23957938924439848	-0.6859157856047606	0.23688651835355995	-0.207696648156949
-0.0816323106146391	0.07911331572981777	-0.1966969808851638	0.22108871771216027	-0.21481604211252225	0.08523443382288678	-0.10630798704269061	0.22199359012188005	-0.5333720998773942	0.24811995048989713	-0.09405132289204703	0.1290509070208976	-0.27090758301634604	1.0000000000000009	-0.5480550777653411	0.08957915906821058	-0.11881559799053334	0.23125396717969346	-0.4299572137257479	0.2891781747769793
0.07061930847644765	-0.0709556564511738	0.1652037941339291	-0.21837773364832969	0.2144220540906555	-0.07622894322162377	0.09092722600251028	-0.19893537804400582	0.2692218682366469	-0.3718365914375348	0.08023638031096171	-0.11271839418259973	0.18784159599214997	-0.5480550777653411	1.0000000000000009	-0.08040025001291035	0.09994864061459495	-0.2196277201817867	0.3037593813170436	-0.5850445042296297
-0.09636568732048151	0.0870352439117542	-0.10256205285836599	0.0793404073134945	-0.06755066642981516	0.22643757204028822	-0.2790573895311558	0.12085080431877242	-0.09327542436525464	0.0686866763989017	-0.7312465947509611	0.2897332642248539	-0.16426138713062952	0.08957915906821058	-0.08040025001291035	1.000000000000001	-0.4953750425983329	0.16494185833742125	-0.09500358554797644	0.07849309493217438
0.07659314779327363	-0.07416666449860412	0.10899096285399316	-0.0916128644337816	0.07677070349776015	-0.15770142922522631	0.17560475114572713	-0.13958574117244615	0.1078711753933897	-0.08228520929173858	0.2803826454052457	-0.7113758352514401	0.23957938924439848	-0.11881559799053334	0.09994864061459495	-0.4953750425983329	1.0000000000000016	-0.31451990939975794	0.12858104835576883	-0.10888417044228485
-0.09853011761045924	0.09182930138538473	-0.20537499647383334	0.16123481651644683	-0.14872093478705578	0.12285486004120742	-0.1582376720012289	0.23343018198622295	-0.2157317383491625	0.15156282778791874	-0.17616442642985955	0.2545009938325935	-0.6859157856047606	0.23125396717969346	-0.2196277201817867	0.16494185833742125	-0.31451990939975794	1.0000000000000013	-0.4109704145605394	0.2221849083315559
0.06895038061683355	-0.06825295052342423	0.15128139724872136	-0.17320059010076885	0.1503625442094021	-0.08084434937957245	0.09734130337825952	-0.19059360536846326	0.22061884888769148	-0.1924360558929007	0.0938061956541728	-0.13708794120762657	0.23688651835355995	-0.4299572137257479	0.3037593813170436	-0.09500358554797644	0.12858104835576883	-0.4109704145605394	1.000000000000001	-0.6732409117144327
-0.06508567657814551	0.06236423197206167	-0.14428268377523093	0.15283560392678375	-0.1659562389172563	0.07033904363025241	-0.08800299418579069	0.15798263759328576	-0.21442160000616148	0.19162033968685255	-0.08297949957967382	0.11059689273560841	-0.207696648156949	0.2891781747769793	-0.5850445042296297	0.07849309493217438	-0.10888417044228485	0.2221849083315559	-0.6732409117144327	1.0000000000000009
