0.34207493844019776
0.4242760950439166
1.9709455701490417
0.057679748434687816
1.395531009632148
0.5660035617679142
1.4813286441246287
0.9393867564693172
1.7979321116605584
0.6503142641775095
1.5616639706659408
0.32738194688773126
0.3385381713668294
1.2234451834164677
0.8336150190721239
1.5513093577258386
0.9519961046630714
1.2684086240050165
0.648503519354124
0.11505300391609596
0.44542748485681205
0.20865049386543744
1.038617580136957
1.9829431291462263
1.405792448101154
0.17878991544611766
0.3834208290359009
1.635837984519342
0.5370418256042799
0.05126623996055857
1.3537125760218656
0.3869148700363607
0.29755117233475437
1.5206655566075584
1.835058397949234
1.7657050404081702
1.4167575147245324
1.0908866880724442
1.7670824368455467
1.5632409920286299
1.4413322651938114
0.6980105488789188
1.857919092412038
1.882056816868157
1.544115952226523
1.0839672418015591
0.9809113962841014
0.3418011582796079
0.8664300094622974
