1.4261069859739188
1.4135872653594634
1.520386968053963
0.6805484333933904
0.4840524932826922
1.1325159366384816
1.688933231796295
1.6273795607601147
1.5646305748468121
1.537494817065367
1.6528788367030707
1.5697553120138452
1.9046749299652137
1.6176648520262527
0.10270452583187684
1.771734295132953
0.9963237978083694
0.8090074871398838
1.1253149184506945
0.43006697087441514
0.19903553255793316
1.9197996502919539
1.344456271211632
1.7350246283981305
1.5471636421881154
0.535677411067423
0.2096990506063352
0.19153884007289212
0.48282816222559743
1.103406735029584
1.1273820664480279
1.755928620149001
1.5634252433826594
0.45417628375251606
1.0709306461205252
0.621688382093609
1.6581729299510348
0.4484389101920305
1.6294216760895441
1.5262636009508634
0.3246334684804273
0.12713858859868
0.30676017897666075
0.6446573052208868
1.7607134102057067
0.6371205450567525
1.6145348427792907
0.1022394046782149
0.628629872680909
