0.7187613145977925
1.5381501201534187
1.749171624078226
1.7560857838934592
0.37983173212257393
0.15131977198390345
0.642815230158194
0.14010330744016342
1.8615487663484593
1.177692459192102
0.8190927276193638
0.9029193144352585
1.2926821252774134
0.19351081009014992
1.9223951121969334
1.3261162866776481
1.1677262308794694
0.5189856344781902
0.635635790856433
0.6816732652510882
1.21030260789757
0.07571446441987018
1.4076765790558166
1.098797380080692
0.5801026463722914
1.102936568077745
0.12258916562749711
1.1197215595785939
0.7025035703516891
1.6253249145358315
0.7989526601177515
1.2707260962728064
0.8990280888492452
1.6495695009125302
0.6760248420708876
1.689398171265442
1.062650537267913
0.9455999267344426
0.1931677623964254
0.9462753073665051
