0.8153128680921911
1.524378770011905
1.118701347730386
0.15180845630262185
0.31403766917031684
0.12416959234169944
0.28037157748874053
1.3673310404570174
1.116771271345637
1.7840475364958213
1.992315573837868
1.9954655743463978
1.1165499674224018
0.18697809195274218
1.2293553974279954
1.601534018620273
1.700007355189824
1.8086830383665782
1.5879164103675443
1.967615437151741
1.2109431468305938
0.9781522785811161
0.11286995751707263
0.2709493531235325
1.9679476915852585
1.090442757682537
1.029416187818303
0.4862433336528622
1.3968873585583625
0.04457975419292737
1.5032916983312488
1.0301620268115483
1.1736459294592243
1.2638382927374079
0.6401459775447487
0.6836717213361849
1.3930702461239322
1.4727355264205526
1.8619048235679023
0.9951340859538731
1.6991368488293697
0.01255994220877632
1.362505911597009
1.7557266032975587
1.4901442254602526
0.35918189526239885
0.7895677511362482
1.6714082075663255
1.4046791817206064
0.06953193265661994
1.689426522893454
1.2668458663111983
0.5229267168398901
1.867043153954702
1.2039848807133016
0.7443896965437098
0.8370311801082027
1.3899076155172452
