1.7501583161335992
1.3942834764056347
0.05280526284997977
1.5182347872596749
0.6732974990320071
1.0292703258637061
1.6997551377512372
1.179312276770605
1.2409699045344444
1.1156652057949752
1.3991174890394333
1.5081846139280444
0.27643751283579965
1.9007837539114902
0.6139546570449292
0.6923842792652439
0.6701980400669769
1.72139804583278
1.7521802282477648
0.9742275405836178
1.5954573640904455
0.6504409287520465
0.6448144131377869
1.1400194575349016
1.4024588588549514
0.9913536121710358
1.025931966694873
1.6646997591058965
0.42961972339667387
0.7239955704325092
0.027282955991137392
1.6831645488154692
1.1128977013152785
1.0655862094541306
0.898488469213027
1.9537263633189177
0.49666739693764717
1.316669629672789
0.18420931358732018
0.2749094790149287
0.3054271529003527
0.5739417934264543
1.1442919845755872
0.49323919434156727
0.4565831520919219
1.6289361476936048
0.7357109829832251
0.20039202174476944
0.5269584063580104
1.1863989112996216
1.612082300518681
0.05040419589007117
0.3793650282173009
0.5577563397367635
1.631168705943204
0.3228678955706701
0.1377685775409523
1.9726594000475792
1.8865360736327106
0.2790522808851099
0.9286739282487559
0.33338640937320463
1.4882109842161446
0.8055799795218275
1.0866484611557548
0.7331821073531475
0.47458068725676883
