0.4423778587042255
1.6340707123699305
0.7747310083388097
0.8770265260610066
1.9430609645024166
1.7725293584782116
1.2899473567728919
1.772994856612526
0.6570011059141239
0.43423355067513203
1.8373557056342782
1.9854424524377716
1.103055773344356
1.5060972914580026
0.7641091390656087
0.45626899287057077
1.0361523506676624
1.5582631163634781
0.7389214640560278
0.3061175628534003
1.4364130257276662
1.8155782564875342
0.3057480531610417
1.322186426369003
0.803315202986385
1.2926623373454658
1.0427412187207992
1.0701551082863845
0.19396553134044892
1.4321749832291348
1.299218984840104
0.46108999992879696
1.5082175277596224
1.0971394141082254
0.7634628301777404
0.7984403068220938
0.6386546594626625
0.3617293896782745
1.172328643402134
0.7536276012864502
0.12447201363355775
1.3295341155826725
1.3173506344879033
0.7482305309880943
0.07584634133502455
1.6643831231962616
0.9363905426574353
1.001988522785385
1.804253644503249
