1.0000000000000002	-0.6664947236173754	0.26767800354463445	-0.2933334635594872	0.15547423610263253	-0.37723038892828736	0.2660830175765494	-0.23396160522961273	0.19477762729146722	-0.16094162921633556	0.2222636071408563	-0.30230396567631207	0.20704500871511314	-0.15840754301710072	0.19238742046147428	-0.24645593501454446	0.1654749727609909	-0.10559207114857375	0.09902108673960508	-0.08584951284371248	0.15919997488596221	-0.125929717767684	0.08707026038986598	-0.07225047987191105	0.08713479415408784
-0.6664947236173754	1.0000000000000004	-0.4880920569342369	0.26093940228925167	-0.15501993964128036	0.1998322539812313	-0.37567086820837337	0.25423851368439115	-0.1984224017458666	0.14324194260895645	-0.161271402450228	0.22723170991666697	-0.20963082602773717	0.14922665752158462	-0.1741515895957378	0.1632741570723334	-0.12781978872445598	0.08323763138214425	-0.08551571198960468	0.07402073270822414	-0.12766058897552968	0.0960154833898451	-0.06970491706867325	0.05896310417495017	-0.07202055593393639
0.26767800354463445	-0.4880920569342369	1.0000000000000004	-0.5903600701326897	0.19311764011968754	-0.15915806986627878	0.2766279330453129	-0.4583966350405299	0.23427906916947785	-0.18777902693437085	0.12516278353694218	-0.22272134628025286	0.22992467765637487	-0.1781306431300438	0.17932927073485286	-0.15005393052821986	0.11535615325140078	-0.08143714375617463	0.08697239494873749	-0.07667848332099783	0.11445904390629665	-0.08945901564577612	0.06697456799245742	-0.05857353230825286	0.07088332678131896
-0.2933334635594872	0.26093940228925167	-0.5903600701326897	1.0	-0.4064091585335167	0.1546116455966895	-0.2727245745693515	0.2741659661143167	-0.3874013150812998	0.26252398719775905	-0.1312966153648899	0.21784004073608265	-0.2864449355232458	0.22080856488647202	-0.24258413215761354	0.15294561929825387	-0.12425303208745954	0.09299064969907703	-0.11034818986658122	0.0962285408012307	-0.12939948903252657	0.09743823311446595	-0.07749067499611209	0.06958697784130205	-0.08561082493135132
0.15547423610263253	-0.15501993964128036	0.19311764011968754	-0.4064091585335167	1.0000000000000002	-0.11012078882247057	0.159326302257804	-0.172737966045131	0.24943308479616202	-0.8046265533731647	0.09048014368962794	-0.16517130298302812	0.1809964917835891	-0.1730511040906523	0.19411551663250168	-0.11898976614205273	0.09214326188324355	-0.0744075989864754	0.08723972178098094	-0.07874930391423135	0.09583829726726323	-0.07486980411765315	0.06071001487882994	-0.05600269210483335	0.06793763215931628
-0.37723038892828736	0.1998322539812313	-0.15915806986627878	0.1546116455966895	-0.11012078882247057	1.0000000000000004	-0.2532276826091737	0.16161951579351175	-0.15415581706334192	0.10620351792659487	-0.7580799190450824	0.25529511751515094	-0.18039289349822193	0.1234911349401945	-0.1658389498600528	0.26615219226786885	-0.2057344804259871	0.1033809630533067	-0.09026967513729041	0.07627728278091968	-0.2004576646881321	0.13650044532219252	-0.09071058764594443	0.06937251181469159	-0.0856031940905923
0.2660830175765494	-0.37567086820837337	0.2766279330453129	-0.2727245745693515	0.159326302257804	-0.2532276826091737	0.9999999999999993	-0.5941116442000748	0.23394820467492228	-0.16769646292756585	0.19053110318812358	-0.4710198800323882	0.2728155995453044	-0.19909110194173377	0.204242580573158	-0.22294121433499803	0.1777676728771304	-0.10998990009583591	0.10477059239838639	-0.0918507909572802	0.1608936688410087	-0.13113953289341693	0.09030284158115137	-0.07519457560917484	0.09022401973666618
-0.23396160522961273	0.25423851368439115	-0.4583966350405299	0.2741659661143167	-0.172737966045131	0.16161951579351175	-0.5941116442000748	0.9999999999999992	-0.3386171258755025	0.17195105462497112	-0.13486461610571235	0.2622079166413387	-0.4337716798085193	0.23399258316424243	-0.20678867211604576	0.15669636136348977	-0.12946754468071656	0.08969758235915877	-0.09882904135880317	0.08719242556547878	-0.1254183447547779	0.09771016522401914	-0.07396009930497494	0.06483196781890373	-0.07844470632442149
0.19477762729146722	-0.1984224017458666	0.23427906916947785	-0.3874013150812998	0.24943308479616202	-0.15415581706334192	0.23394820467492228	-0.3386171258755025	1.0000000000000007	-0.3745566042995816	0.12629716542244926	-0.25473624248272414	0.311554830213546	-0.5853312516832102	0.27383858644120124	-0.16831201177180571	0.13125889943692753	-0.10849624589539675	0.13171001362098017	-0.1224574700163114	0.13220531324393556	-0.10604247591111485	0.08690923757161709	-0.08216957278212542	0.09722950132126454
-0.16094162921633556	0.14324194260895645	-0.18777902693437085	0.26252398719775905	-0.8046265533731647	0.10620351792659487	-0.16769646292756585	0.17195105462497112	-0.3745566042995816	0.9999999999999986	-0.08986528823611296	0.16059324154418084	-0.2115042479786572	0.19682237270220315	-0.24681782933458543	0.11453113662017504	-0.092350155407026	0.07673960809454895	-0.09930454403420029	0.08859193926086285	-0.09740551958460604	0.07476183144206691	-0.06333144395678271	0.05951614214388904	-0.0733407899745446
0.2222636071408563	-0.161271402450228	0.12516278353694218	-0.1312966153648899	0.09048014368962794	-0.7580799190450824	0.19053110318812358	-0.13486461610571235	0.12629716542244926	-0.08986528823611296	1.0000000000000029	-0.3265419076252017	0.15161469248852688	-0.10516573866006042	0.13895725782332874	-0.44104964983200884	0.2100510318740561	-0.09911698712526758	0.0786677334499618	-0.06665771711634695	0.1805624955431706	-0.13748014534310615	0.08466422060860862	-0.06324357606618353	0.07654677351820396
-0.30230396567631207	0.22723170991666697	-0.22272134628025286	0.21784004073608265	-0.16517130298302812	0.25529511751515094	-0.4710198800323882	0.2622079166413387	-0.25473624248272414	0.16059324154418084	-0.3265419076252017	1.0000000000000007	-0.37844108039366936	0.2134075234923841	-0.265725650934027	0.29184125592476123	-0.40246988700578	0.1604713351796662	-0.14155828949766855	0.11974682275433196	-0.28704457585736354	0.2127461518236896	-0.14047187701753464	0.10618917599041694	-0.13044694445933497
0.20704500871511314	-0.20963082602773717	0.22992467765637487	-0.2864449355232458	0.1809964917835891	-0.18039289349822193	0.2728155995453044	-0.4337716798085193	0.311554830213546	-0.2115042479786572	0.15161469248852688	-0.37844108039366936	1.0000000000000002	-0.5747359475049356	0.27473341978977583	-0.1987988142221828	0.16113701888887172	-0.12412819970679165	0.1377828421706575	-0.12751569104928964	0.15405728110907357	-0.1261116867613832	0.09869809860033157	-0.08988839334878855	0.10586014379418415
-0.15840754301710072	0.14922665752158462	-0.1781306431300438	0.22080856488647202	-0.1730511040906523	0.1234911349401945	-0.19909110194173377	0.23399258316424243	-0.5853312516832102	0.19682237270220315	-0.10516573866006042	0.2134075234923841	-0.5747359475049356	1.0000000000000016	-0.4203648547766602	0.13861231126610257	-0.1141120867111165	0.10321608485567463	-0.16337714601253966	0.1418322918153669	-0.11510025736537119	0.09198582026754432	-0.08285371934163324	0.08262576382633244	-0.09849917087516499
0.19238742046147428	-0.1741515895957378	0.17932927073485286	-0.24258413215761354	0.19411551663250168	-0.1658389498600528	0.204242580573158	-0.20678867211604576	0.27383858644120124	-0.24681782933458543	0.13895725782332874	-0.265725650934027	0.27473341978977583	-0.4203648547766602	1.0000000000000024	-0.20583022001958476	0.16133523132280161	-0.17780927374388997	0.24492747256623493	-0.3372008499834049	0.1727454330821704	-0.14141170519906732	0.1379798879015361	-0.14957747462660972	0.17454733523714522
-0.24645593501454446	0.1632741570723334	-0.15005393052821986	0.15294561929825387	-0.11898976614205273	0.26615219226786885	-0.22294121433499803	0.15669636136348977	-0.16831201177180571	0.11453113662017504	-0.44104964983200884	0.29184125592476123	-0.1987988142221828	0.13861231126610257	-0.20583022001958476	1.0000000000000018	-0.5745011889955335	0.17974803798112685	-0.1289838040135151	0.10679791978963173	-0.40747208418190267	0.2696786697940434	-0.1635429699505376	0.11173916522369047	-0.13736951805536354
0.1654749727609909	-0.12781978872445598	0.11535615325140078	-0.12425303208745954	0.09214326188324355	-0.2057344804259871	0.1777676728771304	-0.12946754468071656	0.13125889943692753	-0.092350155407026	0.2100510318740561	-0.40246988700578	0.16113701888887172	-0.1141120867111165	0.16133523132280161	-0.5745011889955335	1.000000000000003	-0.261527498466035	0.11774745922910322	-0.0985198776970159	0.3158679503320406	-0.5265335995794106	0.1880379491251407	-0.11881497300334086	0.1322070621372214
-0.10559207114857375	0.08323763138214425	-0.08143714375617463	0.09299064969907703	-0.0744075989864754	0.1033809630533067	-0.10998990009583591	0.08969758235915877	-0.10849624589539675	0.07673960809454895	-0.09911698712526758	0.1604713351796662	-0.12412819970679165	0.10321608485567463	-0.17780927374388997	0.17974803798112685	-0.261527498466035	1.0000000000000042	-0.2808029637246832	0.19433275004703593	-0.2330797816329485	0.21446297467984887	-0.7475443288354935	0.28121107991902	-0.35503389398052765
0.09902108673960508	-0.08551571198960468	0.08697239494873749	-0.11034818986658122	0.08723972178098094	-0.09026967513729041	0.10477059239838639	-0.09882904135880317	0.13171001362098017	-0.09930454403420029	0.0786677334499618	-0.14155828949766855	0.1377828421706575	-0.16337714601253966	0.24492747256623493	-0.1289838040135151	0.11774745922910322	-0.2808029637246832	1.000000000000004	-0.8026264201999204	0.12267261596616699	-0.11139420658616189	0.1876759056904821	-0.2797713819212454	0.2591481892607732
-0.08584951284371248	0.07402073270822414	-0.07667848332099783	0.0962285408012307	-0.07874930391423135	0.07627728278091968	-0.0918507909572802	0.08719242556547878	-0.1224574700163114	0.08859193926086285	-0.06665771711634695	0.11974682275433196	-0.12751569104928964	0.1418322918153669	-0.3372008499834049	0.10679791978963173	-0.0985198776970159	0.19433275004703593	-0.8026264201999204	1.0000000000000033	-0.10600081734573527	0.0932107183835462	-0.16497888768806138	0.2211733804562488	-0.35595857595052477
0.15919997488596221	-0.12766058897552968	0.11445904390629665	-0.12939948903252657	0.09583829726726323	-0.2004576646881321	0.1608936688410087	-0.1254183447547779	0.13220531324393556	-0.09740551958460604	0.1805624955431706	-0.28704457585736354	0.15405728110907357	-0.11510025736537119	0.1727454330821704	-0.40747208418190267	0.3158679503320406	-0.2330797816329485	0.12267261596616699	-0.10600081734573527	1.0000000000000027	-0.7202531465344235	0.19126865640288543	-0.1330888194393689	0.13692284944816074
-0.125929717767684	0.0960154833898451	-0.08945901564577612	0.09743823311446595	-0.07486980411765315	0.13650044532219252	-0.13113953289341693	0.09771016522401914	-0.10604247591111485	0.07476183144206691	-0.13748014534310615	0.2127461518236896	-0.1261116867613832	0.09198582026754432	-0.14141170519906732	0.2696786697940434	-0.5265335995794106	0.21446297467984887	-0.11139420658616189	0.0932107183835462	-0.7202531465344235	1.0000000000000022	-0.25217641656233303	0.12792257462615791	-0.13761645363323832
0.08707026038986598	-0.06970491706867325	0.06697456799245742	-0.07749067499611209	0.06071001487882994	-0.09071058764594443	0.09030284158115137	-0.07396009930497494	0.08690923757161709	-0.06333144395678271	0.08466422060860862	-0.14047187701753464	0.09869809860033157	-0.08285371934163324	0.1379798879015361	-0.1635429699505376	0.1880379491251407	-0.7475443288354935	0.1876759056904821	-0.16497888768806138	0.19126865640288543	-0.25217641656233303	1.0000000000000018	-0.4667397364749221	0.2743649830153957
-0.07225047987191105	0.05896310417495017	-0.05857353230825286	0.06958697784130205	-0.05600269210483335	0.06937251181469159	-0.07519457560917484	0.06483196781890373	-0.08216957278212542	0.05951614214388904	-0.06324357606618353	0.10618917599041694	-0.08988839334878855	0.08262576382633244	-0.14957747462660972	0.11173916522369047	-0.11881497300334086	0.28121107991902	-0.2797713819212454	0.2211733804562488	-0.1330888194393689	0.12792257462615791	-0.4667397364749221	1.0000000000000016	-0.7587216124043117
0.08713479415408784	-0.07202055593393639	0.07088332678131896	-0.08561082493135132	0.06793763215931628	-0.0856031940905923	0.09022401973666618	-0.07844470632442149	0.09722950132126454	-0.0733407899745446	0.07654677351820396	-0.13044694445933497	0.10586014379418415	-0.09849917087516499	0.17454733523714522	-0.13736951805536354	0.1322070621372214	-0.35503389398052765	0.2591481892607732	-0.35595857595052477	0.13692284944816074	-0.13761645363323832	0.2743649830153957	-0.7587216124043117	1.0000000000000018
