1.7960310363551093
1.879896240996036
1.4593306909428185
1.625159751639588
0.6432594637659141
0.3019167920558825
0.7194805449576629
1.511178064188071
0.6276450190032974
1.083671821764503
0.6748927356991232
0.2312666200023097
1.877729357675122
0.2659078192667872
1.637258666588426
1.7946332023727676
1.4246732604033316
0.29418987524088447
1.3706008314411164
0.42000081828890323
1.3589523338088454
1.821789157847158
0.22409106966955106
1.809704130118122
0.4436236303663046
1.7438872802453602
0.7309576999764023
1.4489013481776674
1.505238036594628
0.9797857637000664
0.0950350776521498
