0.45062817352108553
1.6993002638769346
1.8434557941562284
0.9742070830556333
1.4787762484674487
0.17817067850880264
0.5198666250138753
0.7844709245933483
1.7548772483092647
0.295561704417481
0.17812031492891522
0.36180636917472375
1.3492836065582732
1.9921601685826515
1.2472300866708799
0.7591349779670877
1.1054929490373233
0.19551885487586285
1.6486261091956806
0.39323407010874956
1.8037256693217771
0.9252273458568046
1.2814062496901117
0.28020530905860674
1.6947601102106247
1.4577056210759491
0.7366197617866299
0.2804857389091526
1.974595780144071
1.142154348852792
0.533133159565824
