1.8360964594777553
0.9607474366350877
1.8863895916398974
0.5343439004923671
1.153700949405407
1.46776958580771
1.2336821846531962
0.31708328108304373
1.5395381251624878
0.28613519667031184
0.5350326661307463
0.7393813950264341
1.8579287265391682
0.00785719417354347
0.977890632786433
0.460374797295533
1.6539400319430477
1.142705763577537
0.4608227600099859
0.716546790117619
0.49400525429817677
0.08990653460872533
0.06334766999245467
0.3234515011640693
1.5140081408936013
0.1816950736301468
1.1839145526482424
0.1388584504285868
0.9882769270116154
1.12909404741161
0.22955828636044862
0.6016273827639695
1.1674622537648696
0.31919642527099956
1.6498049732237918
1.5832419899440593
1.499537093043045
0.22397582056015608
1.9157808539479921
1.552974776755593
1.7680245692879746
1.7944957692830763
1.6034586842732836
1.377207034339012
1.6826657428535081
0.782467454203382
0.3649479410759793
0.9241095370647887
0.8868133945596011
0.13062702916218072
0.5642120425413331
1.2103404904988402
0.13584820666646946
1.6359977170285545
0.006911968166992466
0.9282433709338966
0.7190851324478515
1.7625033827339731
