0.5791193091796631
0.6824089545742495
0.7370155427689298
0.5295830413484377
0.9022047256123242
1.3018079743818807
0.009934076722669882
0.41320552578887293
1.7836854410476928
1.4691756879351585
0.25267408283529313
1.1840668782693733
1.6390490752447073
1.3471371483280752
0.911239892185578
0.5566761963599047
0.4486046663721108
1.8906874280011796
1.6783067887177952
1.0507187570696561
0.4287452298195147
1.36543500292008
0.20349440647749306
0.43703331762064224
0.01246779594061298
1.820037835516159
1.8630893643379727
1.447740529569733
0.14269574256016382
0.19390098520513055
0.6350521660859756
0.8595647114167937
1.6476658035683163
1.954335642694475
0.2410482192503136
0.016067728634392875
0.6670815232615452
1.1519521183658337
0.9529330107541911
1.9966313384256642
1.3507285011518158
0.16352346247905292
1.6440976778518
1.1573904718781347
0.01905720038177572
1.2289241600358443
0.7351007489332066
0.1771040820841434
0.709981050360871
