1.0384426952876287
1.7978274097132751
1.8420215042366972
0.04810159973445671
0.10517233050334163
1.328047222849548
1.1926073072056158
0.6963657260973948
0.36738892003693513
0.7686271218696237
1.4031973859354747
0.8538165091599184
1.5351826149353265
1.8204284575653493
0.5614204550179402
0.23726437693725266
1.9512136864084217
0.7931759309731738
1.6668506220853856
1.6252973504165977
0.9723909723153179
0.11759784469737866
1.7777292987608764
0.4442126661507224
0.5046453320361275
0.44033524168691196
1.604897107149164
1.8033394790667132
1.0814348446973074
0.5348333540670858
0.37820925582730913
0.4709344745782684
0.9302438874029257
0.651614887599318
0.8813623553145797
1.3406069860854064
0.26803725412047097
1.130105185064345
1.5180951006208647
0.6067333902541958
1.9959905484721943
1.6184373873121674
1.1460224784091202
0.6659899463146681
0.7785981326182552
1.1843643505963137
0.9049774808326263
0.12475361032711385
1.2565593498570644
