1.4644336901144417
1.0109272334263677
0.8214289914088178
0.7300821423856947
0.7182825400990955
1.5084914788463317
1.1917074142908142
1.3028093019613318
1.2977239874125295
0.510022680031224
1.3393868343815556
0.1781226063678294
0.562081439493122
1.786705236162165
0.2488686205457813
1.352946461634959
0.9447715900132714
1.535331135361917
0.6791696051958382
0.9575172156241303
0.49274664886549946
0.6509031104804235
0.06204848880262892
0.8762257694113709
1.3768362631075264
1.8360308344643412
0.15896965810107844
1.8771024063712103
0.9655267705308912
1.4768579267357547
0.9119628859741584
