0.3732990835831078
1.8247875118374086
0.23030713516432355
0.8896191350311802
1.012875390166525
1.8375465075415192
1.2743671538292354
1.1024680567122989
0.6406574245041514
1.5641679554869046
1.05993833835698
1.152937400225425
1.0637470917982035
1.0732739192371992
1.9060001627146597
1.1033830263646522
0.39278413211425667
0.4266564980874259
0.4622943862879816
1.9036205594511295
1.9117424512397503
0.5692779190367028
0.541272232666266
0.6775013429717154
0.25718786644490166
0.3621327588920744
0.8986559993822527
1.3939113241394954
0.05600971360922191
0.40374063672183524
1.4757650091376
1.5816552833210253
1.5058150379809856
1.5534620721462744
1.0320298765641356
0.6422570013877489
0.8212512935801706
0.0029718196963162136
1.0199798569650889
1.0390604472015919
1.5246911050698113
0.14719988904600534
1.281489561317076
0.32946573885994734
1.6063484684130844
0.7913215309044612
1.3095334360976212
1.9323917790919336
1.2088678036621503
1.3781145780575006
0.04460895846138557
1.5017089417252718
0.8187184689524396
1.0780388188939485
0.14836196250917144
0.1603913722772483
1.8628937022146932
1.1634706171530653
0.1911355571765645
0.7445094506892111
0.07630294651739922
0.8017198729534973
1.513162166565091
1.3976589439931022
0.022093315594397644
1.5554246392805626
0.7170078137267097
0.5792441489074687
1.277386139922958
0.4387692120135296
1.6801370563978733
0.41683219569876195
0.07358204012047898
0.426872006713932
0.2715895912260802
0.9100991581143267
