1.1816892773314205
1.5335940730045183
1.1324748330123717
0.9201706849250342
1.5880514206635885
1.7082931807581003
0.40117206986768217
0.5972285566868236
0.49367437322001795
1.1593444667380832
1.297763900418691
0.021811779271190712
0.1328460739106747
1.9135067272058475
1.293381963063292
0.2249717423742803
0.5520419013344422
1.3033284127591394
0.11328493720642374
1.6854272331731042
1.9009968143106022
1.9293395527641795
1.8915508105038246
1.5798073652339153
1.6423208406965846
0.06832021697887436
0.18908897892800614
0.6298524478399683
0.2556197977873773
0.748373429662148
1.8622303024891171
