1.7973281343216283
1.9902988087448485
0.09115357227044107
0.8056965665202478
1.2706005787047747
0.5315722001898391
1.9765140841349034
0.9923396556337507
0.4034500215382244
1.002482398052034
1.688532073911373
1.1153162541608403
0.10745793015113891
1.539901030435837
1.8905824300420004
1.43228304694721
0.4221433784196025
0.8332696322621702
1.3689006952615772
1.572039381217544
1.8698517185363754
1.728099770972661
1.5758614714282735
0.2954758930246584
0.7662995032226014
1.173996669955978
0.9599782757271766
0.321990939958698
0.7957554848052313
1.9303564119060939
0.7534189535722233
0.11323455868304899
0.7933034752074173
0.9923379153796263
1.4210401078571602
0.40032305555802283
1.739265379201163
1.5408490670218726
0.6121693451832182
1.554202857515142
0.3591150512708112
0.9180191347949442
1.5551241216304423
0.442746306463762
1.4171454905766279
0.0690788775744191
1.9932960802098316
0.4047561595500615
0.22415436553319834
0.905311867527482
0.9281631038660749
1.1397489227766138
1.8077473366730206
1.2536599075960475
1.84881678028332
0.41882849862869076
0.2641524025126931
1.9352219475629946
0.08342451201337875
0.5191761056391138
0.5276656484670412
1.6031179306745926
0.031907065570331294
0.8712540418013721
1.7260076216579603
1.7626493697028796
1.2909170272441197
0.5965067760786478
1.5379882897266466
1.9833566511123797
0.5869149214234515
1.3066992475579848
1.634989055697491
1.1905615400442078
1.1938559238071207
0.069847236725606
