0.11341393631188668
1.0609486861121162
1.2166589344338794
1.6500672775048866
1.7035710909272321
1.1229200290772567
0.923168300339904
0.542396977816118
0.7847019795471839
1.6395324050585103
0.2511962666975758
0.5769703313602657
0.32497735527086036
1.0099231043762824
1.9651002771404689
1.7170933138192344
1.2176092359971582
1.5591714812982183
0.5288016802771489
1.3072742987736108
0.743942945680871
1.73189823960089
1.5484746679540042
0.9328509942600225
0.5036941584069816
1.8534841047700623
0.8741576258254433
0.8505775754772165
1.7278372815592404
0.895913593927284
0.1360722967607222
0.23551510781098317
1.6525939244216268
0.544377641231943
1.7855209968575987
0.12630183783290327
0.3383244006057984
1.340917818839309
1.4709316105810668
0.7614320137195794
0.4431446202986682
1.526373532676494
0.5680347679898756
1.2525415784019027
1.5596891757823275
0.6004890858956071
1.3802770179065118
0.6833243535556903
0.8093519854554385
0.30695550013634465
1.4825404352920883
1.9837024192734511
0.43524303472076387
0.09899034127925121
1.86529676712138
1.9886890385515503
1.1916283646079115
0.2993629897940413
0.43206625646205365
1.363172408907737
0.908357513897033
1.249550067522546
0.2136522202771629
0.43890985553056083
1.55349901226962
1.87856714644423
1.237708691883908
