0.030345875946794276
1.1959250713436704
0.15663685874513034
0.688394409046865
0.15792297423312673
1.257416996652125
1.4977944478665544
1.9747645664999909
1.6366833750677912
0.8992739003743662
0.16274563298349776
1.789616953502731
1.200553460068991
1.096436123963508
0.2588917836800606
0.6202616362069002
0.667796356199414
0.2447477438401826
0.17751137816936202
0.9146306853325776
0.9650193014755035
0.29333742730887513
0.3004371645094994
0.0001649910827432599
0.7840113161023412
1.267900823374215
1.5137366512997374
1.2221956447859244
0.41639781681515675
0.2902220125885866
0.43291250131824377
0.8672560061455643
0.3179072079693084
1.335081361281215
0.37916299764867745
0.23200121732771395
1.0954085296882243
1.3002156384898846
0.6470831832370005
0.6150992446046102
1.6123517499475728
0.660069643836509
0.1609701763303164
1.0613865807537928
1.4500115022965736
0.4602805424056191
0.4613738341314697
1.5542709038728457
1.3612934076574752
1.4123549103064694
0.9604635373466248
1.9160613255642067
1.404606912813772
1.6479778832169778
0.29234708331734716
1.4126366515737865
0.3693578084225271
1.9188330679974812
