0.25267408283529313
1.1840668782693733
1.6390490752447073
1.3471371483280752
0.911239892185578
0.5566761963599047
0.4486046663721108
1.8906874280011796
1.6783067887177952
1.0507187570696561
0.4287452298195147
1.36543500292008
0.20349440647749306
0.43703331762064224
0.01246779594061298
1.820037835516159
1.8630893643379727
1.447740529569733
0.14269574256016382
0.19390098520513055
0.6350521660859756
0.8595647114167937
1.6476658035683163
1.954335642694475
0.2410482192503136
0.016067728634392875
0.6670815232615452
1.1519521183658337
0.9529330107541911
1.9966313384256642
1.3507285011518158
0.16352346247905292
1.6440976778518
1.1573904718781347
0.01905720038177572
1.2289241600358443
0.7351007489332066
0.1771040820841434
0.709981050360871
0.3708897270433664
0.10459727414190878
0.2685061407875149
0.33374345984800025
1.0697514944307214
0.3638114027628223
0.5046338489365976
0.9061964019639013
0.4976325668066717
1.2612323154159681
1.1043387911568256
1.6222176358166691
1.3630847860697424
1.5229760861580468
0.06963052500675238
0.8939495247985922
1.5797080609198493
0.5110194941091799
0.6223576982505925
1.7661491487558978
1.3302095505096703
0.5954235057249866
1.3627735079917604
1.2018515137989616
0.21502152293948917
1.5069461129371104
0.9652608207858737
1.270658832592817
0.865131875174109
0.14478653348272807
1.3552774297350285
0.7287446026379683
0.6810802469014097
1.8525261716224382
1.5232963100742816
1.6872283467220717
0.387910858374934
