1.9420919492405324
0.30971136079700745
0.058029860643057596
1.4077883286203101
0.6180254460582248
0.12779921990082066
0.4919313034067181
1.9667604547407933
1.7456954042975132
1.0004015117436746
1.1023577923035681
1.5528855618205957
0.12969072670874615
1.7296618860091741
1.8433414966954387
0.6947162339253339
1.0568033588298786
0.7749417885617489
0.3484594800012175
0.791236261106063
0.9364156647548629
0.6222672664323707
1.031628771551945
1.6071256004238874
1.7846088609145827
1.1767961931220832
0.6154153980192056
1.2727986165332754
0.8194111419035455
0.561244142985097
0.33534634759603454
0.07316308815678108
1.889578342635624
0.39744489993385645
1.0092486783967063
0.7758160858558765
1.2517969263427906
0.27540190258327657
1.8222386956620809
1.1562743806318192
