0.08061478558187929
0.852524406905153
0.06054482555721208
1.0492938005421957
1.7151978374389563
0.6136662039470067
1.4349917831147034
0.6849181905017501
1.2298500598630753
0.18285816870321847
0.7310614228447663
1.6057945201642991
1.1631421882898545
0.12691943646510406
1.6400813359160362
0.3443003398732527
1.2806972488036101
0.09474697471779958
0.9008770949075635
1.19142394153753
1.7821634968022364
0.878595623764717
0.5194518311473448
1.3173872132371263
1.3939554443051123
1.9482554614484067
0.7781951355860519
0.26955719802306977
1.3473115859632414
0.6578139470364461
0.7291111437415547
0.4447840731617805
1.2884369913622455
1.068045180239026
1.6248593483935085
0.22073875982041802
0.6534544550074717
1.377599044332765
0.9765858738600368
1.8262425245418892
0.14076707399276023
1.9264990996404379
0.5835833737729477
1.5409447649197712
0.9986634183153207
0.9564451236009441
1.4899402671312263
0.956766992058669
1.7642080637038062
