0.21265511146885618
1.434938534778187
1.6769631885251144
0.06382018197476569
0.1567631935869187
0.8245072842673351
0.39908722162195476
0.657338723290763
0.27288961142841206
0.9264110863013051
0.7747129333102523
1.071561282736194
0.31540320345833095
0.30267852586077737
0.6693735187023679
1.9655207092961287
1.2741669137897809
1.1729683840752734
0.9119853865485785
0.366337968205654
0.02928222755386445
1.850364379202642
1.8083028248407134
1.885845467893092
0.28025403319031783
0.6436650013956724
0.5063366409768397
0.06825744067326633
0.07254314038229515
0.17229360976372865
1.8616845405479467
0.40393986523544534
1.5366662019652804
0.020020559385833803
1.5839313764837786
0.0032178093184720424
1.1425268873341583
0.5058831262247612
1.5795592422165656
0.41821323376972463
1.5591940255386914
0.049741957616434185
0.030089953245089784
0.2463469010432946
0.730839884924348
1.2650260290801714
1.0721308379416734
1.0961328476276813
0.0681478702874827
