1.5217229650284696
0.9942337868523858
0.11481172919555283
1.3396289462778106
1.509984185384555
1.2781800847329148
0.36503750052813944
1.5640733999233518
1.9993471097114917
0.3655961926641109
0.9802807176106647
1.9002499490617053
1.184957648515507
0.63972371082999
1.489393017988537
1.2369510099551335
0.7399283949047888
0.47668525887720614
1.5165963384886658
1.5196100257349334
1.9291123130032686
1.0862868591803978
0.08136061200758604
0.4368109651577403
1.666183288965502
1.9005897781673453
0.0031168652430006993
1.914830111307948
1.848531191692953
1.8147188460173034
1.342501361830399
0.20413463235953433
1.0202465027704988
1.5949390202124518
0.0509677239395363
0.7022195168893246
1.763694424008908
0.266092191003644
0.578787899422923
0.4681041243489825
0.11136305973326
1.936759250071395
0.7563708375767244
1.5846601691984565
1.2288730676739283
1.4274268755646977
0.7561889196201004
1.2363624773897737
1.844430212851353
0.6598782614764587
0.40587052163486836
0.6989912301306775
1.8587194529999507
1.0871016365404267
1.6360360249922223
0.8782847208354219
1.3907879559350187
0.5926111675609076
1.2100000439665064
1.2202196598696844
1.4234905946309855
0.8761134869358265
1.5964519095120124
1.0538389969027517
0.1670646200020416
1.717127524670933
0.11243646362336435
1.7307086627251742
0.4263115765272629
0.9415167442130157
1.3324752806974685
1.5946615344336297
1.4337661257102443
0.6191547604669143
1.1094791887902407
1.6803646259165124
