1.930772186976205
0.561206248257105
1.6386598332161744
1.151722704425198
0.6700570789982185
0.41329356173259546
0.868344632869396
1.4561511982490032
1.8318195564882553
1.2586047785718328
1.2958292046337552
1.6173087323855708
0.7428658780097597
1.016084387045539
1.2569151713285032
1.765053436886351
0.77007497309283
0.04392431745364167
0.2846806242745692
1.564748837365081
0.021887985697802925
0.867307530523274
0.3741373504127812
0.41326695810732206
0.47997052056914224
1.0091384858020747
0.9222700973674152
0.8934020115529111
0.9429536960332601
0.9178285586769146
1.1200395490794222
1.205302186659086
1.7690657162214114
0.2122859750569881
1.7988589692295212
0.02213692760944319
1.6529516050977766
0.053839061701721036
0.4272228973804095
0.9810995339320838
0.9957077208547243
0.2321221259450854
0.9113485139432043
0.41878966556171715
0.7542127472746851
0.4235002132077712
1.6785188601226197
0.43668704653656754
0.8486868770244276
1.307632168944024
1.370275868022623
0.5691657483039556
1.4813267066753117
1.8449644003641938
1.574603504069945
1.7625232106201127
0.9671697518076026
1.6129553482937848
0.5973193045860992
1.2155517491309755
1.1642989913738813
1.6842940133703057
1.044448319756242
0.9428132906672007
0.5694878790406896
0.9015874200851623
0.3699133556159766
