1.8818188933765403
0.6847946954385584
1.8707423205760976
0.49376899833096477
0.9239514793884513
1.485315511056589
0.20129007063798676
0.5758810227105213
1.6867532832848542
1.9445994833624796
1.6414183940200444
1.3553773009600842
1.0549913180193373
0.689249432489405
1.9963597674589408
0.42814992442324407
0.3366420306787199
1.7402684898982752
0.5538288477782962
0.66180866124924
0.8198000639947223
1.573847128710939
0.6581838425191906
1.2187504617493063
0.6652737461786353
0.6976965685709193
0.5635443373150051
0.09043360904231657
1.8185803539543715
0.4952110844254709
0.5163590362104844
0.4949463460858121
1.5336991472242492
1.469579155150401
1.1976125257336077
0.7428522757970697
0.07210694788768368
0.6317364848879703
0.1805890522970799
1.7579524345943685
0.256996009827545
1.5071579136604458
1.9670441245167969
0.28658640558326276
1.8760784745625636
0.48731460657142245
0.21977777207899774
0.12976818699287884
0.5634313817541816
1.9190242619874849
1.0319955701073034
1.1366376944213825
0.15922597014146245
1.6172555666895478
1.0166354402960325
0.01423678637984338
1.0271402811345993
1.1603202476711783
