0.6444900000156788
1.719995734294872
1.8910569012408316
0.6033479135125019
1.4953671377367663
0.03814162073716476
1.458528504750186
0.09745102124335459
1.3079495626059465
1.418679564920589
1.1347850413525276
1.9235555889764755
0.21724610518579723
1.450883341075802
1.4167771360096935
1.4047656051295845
0.07059664149306633
1.8572370100832716
1.1048178705133669
0.9082220072211875
0.5242442461201633
1.3152985863268918
1.759319105658658
1.383220808642264
1.4077960634574418
0.6692848519389853
1.4233915629013487
0.6984285946323241
0.33050093669212144
0.8607004976354484
0.8647767925498968
