0.042235270943473235
1.154347227415934
1.3327842143018311
1.5951144766640102
0.2750746938420505
0.3183747030756954
1.1348893132117523
0.9350673094341442
0.34592748669629536
0.40948898676702994
1.007823701917633
1.5155399817237676
1.1629734816877053
0.8148320018160833
1.6184648952892213
0.4731991290719719
1.7790799989702766
1.9549249981809274
0.6217461425724116
1.3001764626293792
0.8131441433004651
1.6893417748774322
1.7321349423870633
0.12458639907312685
0.8945574417903357
0.6144811561556827
0.020116548131736245
0.9638541380191437
1.8681006073041981
0.05760740342866155
1.6197226328980951
