1.4996659802032637
0.6785329815291874
1.4128972592548306
1.315436139514699
0.6207689201776598
1.7187173992986087
0.30003330842136755
1.294360022323748
0.043899113618892205
0.5460760709890757
1.5763632151833953
0.6331254733073557
0.27759005424230976
0.5897233035776477
0.30940447461680076
1.5626950685997438
0.3087546091054447
1.8623887579292426
1.8959098285909346
0.6597015046571375
0.5398870412556849
1.3737995936640344
1.7414069697220054
0.029578180258924114
1.4716393228652547
0.02455790727274154
1.4092807895952837
0.7535255485975849
0.38585641212943944
1.8208906522383157
0.6856922187316346
1.1519150330422412
0.5128707867678006
1.0811324956228239
0.9214188738981299
1.7021231035647446
0.6596671502589024
0.13486972081953263
0.46488163406291383
1.0860685998770774
0.6836531215263362
0.1464111554024652
0.020652890836646343
0.2571961534103875
1.142087215100891
0.14150734978204627
1.8901409199748982
0.6804792340853543
0.6625430295888513
0.17310109670462648
0.5328751453077385
0.5928267950522184
0.07909317154051942
0.9372871570006085
0.474595024137503
1.627813053551764
1.5048859863069017
1.8828908960794113
