1.4882134507812865
1.6694669260550192
0.9317503791583914
1.9988457143961025
1.7539534724408719
1.0696964493810102
0.2573441214363963
0.8232111653005076
1.0628291177677438
0.5259488450609981
1.7412986378655257
0.5978049841476696
1.9327028334991225
1.6590955861951455
0.9839606124962428
0.7768123908770517
1.7845687114658517
0.4792239314189519
0.5467614171192161
1.4340313782412486
1.075102487564088
1.4390596125073856
1.4402980437152535
1.0352458319637852
1.3242422891985637
1.4747811903730876
0.36836079550532386
1.5597312044263356
0.38900332479327426
0.18949332386946782
0.3350159186484243
0.9289637259356271
1.0666855066670302
1.7339914321219183
0.8667890170352752
0.3282859763891306
0.9993710574179464
0.7868446978679478
0.09573391341732362
1.369882892463815
0.8953784889735701
1.75634916036076
1.4540573310489
0.07290360153589726
0.6822857328250174
1.5035086588798015
0.014587491074844472
1.6214238379774821
0.3718735654586256
1.4894371282650853
0.1732699733682872
0.8187780642146847
0.30667631230254866
0.6261690249551695
0.39322350089257707
1.7921718409486571
1.7431974798946368
0.3062955689606657
