1.0000000000000002	-0.5756526922849583	0.1917933067466338	-0.15134539139609687	0.1388398020153532	-0.6612737554591904	0.3076326919283625	-0.2048276000793504	0.11095800669769619	-0.10223863740706286	0.23604400548597385	-0.1949793592194946	0.16773456613085733	-0.10991507878604286	0.09332313506917927	-0.10228106778764476	0.08415596218344748	-0.07834516112831663	0.08843477151528113	-0.06917106335896003	0.07303403340059127	-0.06549972438952416	0.07184749634314917	-0.0639957102423651	0.06263230020707417
-0.5756526922849583	0.9999999999999998	-0.35294726727736425	0.18569032693821078	-0.17614105743842828	0.2953629468544466	-0.6068772320378845	0.24343017870988928	-0.12930762990755815	0.11568803698420667	-0.2170377970684069	0.17603846578241056	-0.18099001345709487	0.1148175254658138	-0.10108839047138374	0.093543047657268	-0.08463445064431432	0.07822916285071588	-0.09356549870935874	0.07286526471393064	-0.0704028620605871	0.06371714971210954	-0.07153712640958879	0.06512006075235502	-0.06458548418110402
0.1917933067466338	-0.35294726727736425	0.9999999999999998	-0.5956526068982491	0.2876012632701589	-0.1787701996702405	0.25430305832447236	-0.5290319598134346	0.19606168561945272	-0.19054666571547704	0.16977362224321152	-0.1606242308552951	0.20417697650725414	-0.15920344946588935	0.13844686328859943	-0.10134368504368436	0.0958350648219675	-0.0914486718520703	0.12299530793927387	-0.09930791265826382	0.07653434640053154	-0.07402553056198903	0.0832895021878263	-0.08358593823876714	0.08218575136806772
-0.15134539139609687	0.18569032693821078	-0.5956526068982491	0.9999999999999998	-0.6456091287337168	0.13213770151746246	-0.20186567069974304	0.2690213442953784	-0.21442089908430553	0.20824264494780298	-0.14864574666456518	0.12922236706228346	-0.17733764570118113	0.15077402131777637	-0.15058827340665779	0.08935039376546383	-0.08806769470654	0.08269520069574741	-0.12497299385253291	0.09989229112047714	-0.0695153223055088	0.06762605901637989	-0.07753251254026194	0.08042885774590107	-0.08114674740965655
0.1388398020153532	-0.17614105743842828	0.2876012632701589	-0.6456091287337168	0.9999999999999998	-0.14030514334497685	0.18942888804146857	-0.3279683881131203	0.25620676343508036	-0.4143401402945421	0.1609701764492062	-0.14879551000746033	0.19562554300336915	-0.20875874169117076	0.1965981685631153	-0.1145341109331614	0.10771745796867135	-0.10338004189166405	0.15896047648464406	-0.13852667023481285	0.08686314278902338	-0.08732680235249464	0.09810417203344786	-0.10858388819811089	0.10583761746591919
-0.6612737554591904	0.2953629468544466	-0.1787701996702405	0.13213770151746246	-0.14030514334497685	0.9999999999999996	-0.4398501087296902	0.1970059210431765	-0.11397930870262846	0.1013552644785217	-0.450052270464671	0.2255706088286789	-0.2014674354088171	0.11266208970636718	-0.09720746616011695	0.11484189650925014	-0.09525842678436798	0.08651013051598626	-0.09334114602704702	0.07176823716499281	-0.08512351094618645	0.07177146486190539	-0.07990259230464603	0.06745432254070947	-0.06673326825281067
0.3076326919283625	-0.6068772320378845	0.25430305832447236	-0.20186567069974304	0.18942888804146857	-0.4398501087296902	0.9999999999999989	-0.3815967678028414	0.16177858819596586	-0.14618536713609295	0.2555197943165096	-0.2792470638544082	0.23222990499876695	-0.15300890726401623	0.12778035254281658	-0.1254031570493243	0.11061349661663375	-0.10408276071873682	0.12044600551073266	-0.09444664288827039	0.0913362071193689	-0.08447974158869356	0.09328521349104377	-0.08551943764607263	0.08363515480134323
-0.2048276000793504	0.24343017870988928	-0.5290319598134346	0.2690213442953784	-0.3279683881131203	0.1970059210431765	-0.3815967678028414	0.9999999999999976	-0.3688966441968712	0.2328725095586802	-0.23607930232439017	0.22223656519747179	-0.3963210361441342	0.21388766459678382	-0.1883606852748904	0.12927422617449635	-0.13565516337820702	0.12828881791917537	-0.171120520316996	0.13045440336941744	-0.10106117907339493	0.09734064973120629	-0.11245514715095713	0.10909818144015856	-0.10975246592017057
0.11095800669769619	-0.12930762990755815	0.19606168561945272	-0.21442089908430553	0.25620676343508036	-0.11397930870262846	0.16177858819596586	-0.3688966441968712	0.9999999999999982	-0.6714486060492121	0.14390380124434304	-0.13906418080541194	0.1979166379106266	-0.4340352290564535	0.2594682745835749	-0.11492226492131835	0.11400450242132223	-0.11327613180989987	0.22412754915641	-0.19135326468923952	0.08779868452260846	-0.09426720279570436	0.10676838897247772	-0.13574983354914047	0.1301440521943511
-0.10223863740706286	0.11568803698420667	-0.19054666571547704	0.20824264494780298	-0.4143401402945421	0.1013552644785217	-0.14618536713609295	0.2328725095586802	-0.6714486060492121	0.999999999999998	-0.13115471220568045	0.12015681124645598	-0.17318899494744555	0.2640203205318931	-0.4181073542433459	0.1048410623315829	-0.10741576528689896	0.1044288499313173	-0.22433983068068447	0.19883128915154344	-0.08205527647413723	0.08785038293264182	-0.10204576555631832	0.13045451496721278	-0.13654745750491126
0.23604400548597385	-0.2170377970684069	0.16977362224321152	-0.14864574666456518	0.1609701764492062	-0.450052270464671	0.2555197943165096	-0.23607930232439017	0.14390380124434304	-0.13115471220568045	0.9999999999999982	-0.6137578320348751	0.29201924745087854	-0.1668432276962037	0.13496481065935742	-0.24044425718377718	0.15262334509627598	-0.14173961444112818	0.13471787102555688	-0.10424138940922241	0.14713748226549697	-0.12149174957994918	0.12836587710923622	-0.1038932529646605	0.10025437969077047
-0.1949793592194946	0.17603846578241056	-0.1606242308552951	0.12922236706228346	-0.14879551000746033	0.2255706088286789	-0.2792470638544082	0.22223656519747179	-0.13906418080541194	0.12015681124645598	-0.6137578320348751	0.9999999999999974	-0.6040338782931484	0.160307249635699	-0.12784261515801698	0.15902811646813503	-0.1802066540474112	0.15581830111564868	-0.1335472604945902	0.09729025256958124	-0.12058465118090092	0.1070364761082997	-0.12025762502721685	0.09435929691970135	-0.09262720206793175
0.16773456613085733	-0.18099001345709487	0.20417697650725414	-0.17733764570118113	0.19562554300336915	-0.2014674354088171	0.23222990499876695	-0.3963210361441342	0.1979166379106266	-0.17318899494744555	0.29201924745087854	-0.6040338782931484	0.9999999999999971	-0.2758962675423822	0.1758080258725212	-0.18313358192096837	0.20039564305777327	-0.24128527257512528	0.1869370711435851	-0.13781631502347652	0.13233907597303982	-0.13509814540993534	0.14947158230732768	-0.12977470205143876	0.12313144295561693
-0.10991507878604286	0.1148175254658138	-0.15920344946588935	0.15077402131777637	-0.20875874169117076	0.11266208970636718	-0.15300890726401623	0.21388766459678382	-0.4340352290564535	0.2640203205318931	-0.1668432276962037	0.160307249635699	-0.2758962675423822	0.9999999999999978	-0.40122962806486545	0.14219208154688337	-0.17068164158094898	0.16734696311743574	-0.6170449101117305	0.27194736109567474	-0.114846401057012	0.12538289296781197	-0.1515450993735254	0.18912970746910873	-0.2007705790417953
0.09332313506917927	-0.10108839047138374	0.13844686328859943	-0.15058827340665779	0.1965981685631153	-0.09720746616011695	0.12778035254281658	-0.1883606852748904	0.2594682745835749	-0.4181073542433459	0.13496481065935742	-0.12784261515801698	0.1758080258725212	-0.40122962806486545	0.9999999999999982	-0.14775858962928165	0.13655487609634842	-0.1424183432533201	0.3014910252840467	-0.6109823424045374	0.11070343610186138	-0.13375678878116323	0.1480563484170879	-0.25349223880325744	0.23494826526805257
-0.10228106778764476	0.093543047657268	-0.10134368504368436	0.08935039376546383	-0.1145341109331614	0.11484189650925014	-0.1254031570493243	0.12927422617449635	-0.11492226492131835	0.1048410623315829	-0.24044425718377718	0.15902811646813503	-0.18313358192096837	0.14219208154688337	-0.14775858962928165	0.9999999999999974	-0.30308117874820734	0.2126640586719975	-0.15630756388421593	0.12295317285913737	-0.7464727375983535	0.2897353496402616	-0.32313551756435255	0.16193145600514364	-0.1674219171073143
0.08415596218344748	-0.08463445064431432	0.0958350648219675	-0.08806769470654	0.10771745796867135	-0.09525842678436798	0.11061349661663375	-0.13565516337820702	0.11400450242132223	-0.10741576528689896	0.15262334509627598	-0.1802066540474112	0.20039564305777327	-0.17068164158094898	0.13655487609634842	-0.30308117874820734	0.9999999999999977	-0.7970312076504302	0.17698701633150143	-0.12994999149094522	0.20278204893393886	-0.30255251446334974	0.26198349118230824	-0.15831160051519103	0.13746509786646635
-0.07834516112831663	0.07822916285071588	-0.0914486718520703	0.08269520069574741	-0.10338004189166405	0.08651013051598626	-0.10408276071873682	0.12828881791917537	-0.11327613180989987	0.1044288499313173	-0.14173961444112818	0.15581830111564868	-0.24128527257512528	0.16734696311743574	-0.1424183432533201	0.2126640586719975	-0.7970312076504302	0.9999999999999962	-0.22322784067750404	0.13511026880238605	-0.18489229196118295	0.23484353876127279	-0.3689993118673848	0.16342318759773725	-0.1525931713072614
0.08843477151528113	-0.09356549870935874	0.12299530793927387	-0.12497299385253291	0.15896047648464406	-0.09334114602704702	0.12044600551073266	-0.171120520316996	0.22412754915641	-0.22433983068068447	0.13471787102555688	-0.1335472604945902	0.1869370711435851	-0.6170449101117305	0.3014910252840467	-0.15630756388421593	0.17698701633150143	-0.22322784067750404	0.9999999999999967	-0.512698067432792	0.11941400013659	-0.1482403690444145	0.1706557977408078	-0.2923968644670649	0.24212785146693128
-0.06917106335896003	0.07286526471393064	-0.09930791265826382	0.09989229112047714	-0.13852667023481285	0.07176823716499281	-0.09444664288827039	0.13045440336941744	-0.19135326468923952	0.19883128915154344	-0.10424138940922241	0.09729025256958124	-0.13781631502347652	0.27194736109567474	-0.6109823424045374	0.12295317285913737	-0.12994999149094522	0.13511026880238605	-0.512698067432792	0.9999999999999969	-0.09814154612586817	0.12057978555711371	-0.14850451731884928	0.2606068625082569	-0.43425999991916664
0.07303403340059127	-0.0704028620605871	0.07653434640053154	-0.0695153223055088	0.08686314278902338	-0.08512351094618645	0.0913362071193689	-0.10106117907339493	0.08779868452260846	-0.08205527647413723	0.14713748226549697	-0.12058465118090092	0.13233907597303982	-0.114846401057012	0.11070343610186138	-0.7464727375983535	0.20278204893393886	-0.18489229196118295	0.11941400013659	-0.09814154612586817	0.9999999999999962	-0.5132822579868082	0.26101314659298686	-0.14423328079121708	0.12662719527358354
-0.06549972438952416	0.06371714971210954	-0.07402553056198903	0.06762605901637989	-0.08732680235249464	0.07177146486190539	-0.08447974158869356	0.09734064973120629	-0.09426720279570436	0.08785038293264182	-0.12149174957994918	0.1070364761082997	-0.13509814540993534	0.12538289296781197	-0.13375678878116323	0.2897353496402616	-0.30255251446334974	0.23484353876127279	-0.1482403690444145	0.12057978555711371	-0.5132822579868082	0.9999999999999968	-0.6739606981021498	0.19763883885556283	-0.18990343625454192
0.07184749634314917	-0.07153712640958879	0.0832895021878263	-0.07753251254026194	0.09810417203344786	-0.07990259230464603	0.09328521349104377	-0.11245514715095713	0.10676838897247772	-0.10204576555631832	0.12836587710923622	-0.12025762502721685	0.14947158230732768	-0.1515450993735254	0.1480563484170879	-0.32313551756435255	0.26198349118230824	-0.3689993118673848	0.1706557977408078	-0.14850451731884928	0.26101314659298686	-0.6739606981021498	0.9999999999999967	-0.361751423726202	0.2167945210468053
-0.0639957102423651	0.06512006075235502	-0.08358593823876714	0.08042885774590107	-0.10858388819811089	0.06745432254070947	-0.08551943764607263	0.10909818144015856	-0.13574983354914047	0.13045451496721278	-0.1038932529646605	0.09435929691970135	-0.12977470205143876	0.18912970746910873	-0.25349223880325744	0.16193145600514364	-0.15831160051519103	0.16342318759773725	-0.2923968644670649	0.2606068625082569	-0.14423328079121708	0.19763883885556283	-0.361751423726202	0.9999999999999967	-0.7663128626495219
0.06263230020707417	-0.06458548418110402	0.08218575136806772	-0.08114674740965655	0.10583761746591919	-0.06673326825281067	0.08363515480134323	-0.10975246592017057	0.1301440521943511	-0.13654745750491126	0.10025437969077047	-0.09262720206793175	0.12313144295561693	-0.2007705790417953	0.23494826526805257	-0.1674219171073143	0.13746509786646635	-0.1525931713072614	0.24212785146693128	-0.43425999991916664	0.12662719527358354	-0.18990343625454192	0.2167945210468053	-0.7663128626495219	0.9999999999999969
