1.2870270415085319
1.2086598433512603
1.4974289276588966
0.9607353266444614
1.0267348509311622
0.9304535880771754
1.1686770053262698
0.1017348982503763
1.504693843125243
0.01825099316917944
0.3916471379374471
0.01702131996356826
1.280106679686996
0.059121800144191994
0.8072624176026961
1.3306947763187713
1.0386889677820323
1.112217284441762
0.44722137986308486
0.22710913899731633
1.9810622851544823
1.0670987814727342
1.8444800376134465
0.9717780885505931
1.5248285078593629
0.8135043548892247
1.7311019468641704
0.651648275208847
0.8452882472332508
0.8641796872820828
1.6024814191406271
0.426136501310864
0.5562883534133607
1.3797857616631708
0.967146942712747
1.494546218751141
1.8952136437269567
1.9168685267027934
1.323112015882506
0.19230233170951205
0.4412204595968876
1.4780666353134824
0.2908816132373335
1.029949784176004
1.2707726128296555
1.6734189700838473
1.7579324954271986
0.6550588430684043
0.1537700972270919
0.05473441001444357
0.35359714868634873
1.7034755805135502
0.05489653545565165
0.200186705750379
0.5501358014029187
1.8601060287592528
0.9193997594222485
1.1955904282251968
