1.285052074103128
0.5240170205187025
0.39906962853921035
1.0344369779302425
1.1508952802681707
1.2130262198353101
1.3790313385852193
1.2047959166645685
1.88962597288208
0.6305539881125992
0.9413147885436044
0.1050912524818397
1.3811669697925364
1.7716977864497272
0.45388759774472387
0.983591618896205
1.3052497472373519
1.7902836460332288
1.6972063535018993
0.4705637784670582
0.03169922083349519
1.3517258708620878
0.2731714500480571
0.3384121833866156
0.30847695415791376
1.1435337597627657
1.4419960268714611
0.8360456746486387
1.066933301466837
0.9138788156590687
0.9576817765024113
1.790733064356433
1.6141296882882963
0.21794330955253427
1.15527073519362
1.9682558436234485
0.34090435303553424
0.766598288436052
0.07760054096861735
0.25833649351563714
0.18760634359034922
1.5561543594194718
1.1640862703548294
0.9072161473439126
1.87811819222043
1.8530218071802302
0.9316102195900138
1.401922031966019
1.6891448793063222
0.6703133850434058
0.9138767106689372
0.49353334759865986
1.2078832739281173
0.1837139514771584
0.5474490072776392
0.8286878166634017
1.294188777016756
1.5419203029092245
