1.6131778801634415
0.5015927621973564
1.434369908817723
0.9524372017658256
0.5665128211107215
0.8281203988281374
1.9180567434144504
1.64734690868005
0.06723901820695044
0.612943521740462
1.9708322597739842
0.22080940255197756
1.9027968468513414
1.0395248149530771
0.25994096012835577
0.7114150108015802
0.8928263461880919
1.9487332155079566
1.4846762524447596
0.8855590300956422
1.32623265041618
0.3943596486714416
1.5335316242093295
1.766509426557223
1.9486548463911681
0.13904479512327583
1.2651828221109622
1.1967950609995301
0.1914273248905709
1.9733847693843547
1.6432415041752115
0.17884048669920727
1.7175300299561296
1.1623301963085009
1.3907097000358566
0.43479164073393806
0.32886122530646844
0.07682940766816548
1.6462461338544792
1.7145093459860945
1.286549152380347
0.46502269471879254
1.337541160575122
0.7141232873917565
1.389763426882459
1.2409156673252197
1.8819888882087081
0.7504722349674449
0.6809206862599186
1.615195230066122
0.08223529012789443
1.961212247404991
1.2154708312489158
0.14774907227138367
1.3836204353706583
1.9785228484728834
0.1415973022010668
1.2966223025344132
