1.5076102933238582
0.36809681741728273
0.6677494359974641
0.8654475611784562
0.39035219373421004
1.7452423887206168
0.16436368555428071
0.6705009959179264
0.24475821941894305
1.738438765209371
1.0971857307255775
1.051798324055818
1.7767799718447348
1.239513175292064
0.12957867219154462
1.0267461148855683
1.933455096551575
1.7738106681471875
0.28573063527527154
1.2821090564432338
0.8800799750018804
1.4158762404550642
0.7755711028428931
1.472847014256046
0.8206913189554124
1.921361251586791
0.36527599457685733
1.1711045420770478
0.19563348857603202
0.30276943566541803
0.34602321990586216
0.329631545185328
1.8880187371874122
0.008880037066004931
1.5413157851321166
1.6779524786381081
0.8628397068249853
1.7618509228629562
1.6296811515760021
0.49450673137921797
0.30028510841977996
1.7213521804149283
0.3319069653406794
0.3907281269645644
1.7829423640456383
1.6263419441265272
0.8437443101159143
1.7033683509737507
0.6062719925950097
0.6863678587097453
1.0784178452963467
0.09287440822617699
0.7526083639027199
1.1663796479112518
0.9154486330988756
1.2304261682622668
0.17918027723509278
1.3261034213927405
0.22616226882565327
1.500671090316846
1.9930227626238475
1.3366900552211063
1.11693384477033
0.022703213894847085
1.8460477794648509
0.8579937862643177
0.9495243574248824
0.05788987610673457
1.1949778876562922
0.526311570012779
1.8319529100564087
1.8855554093226936
1.3852112752324515
0.2617419309204094
1.0598575147535252
0.49598375640162695
