1.8001715333334092
1.0704154131637829
1.951897751520233
1.364685166773941
1.5461111699824475
0.5323972496453937
1.4638801313381795
0.9122705540515033
0.38678445679858964
0.3583308559285614
1.202741971650238
1.2733022207029228
1.7637522150994371
0.36815851700898206
1.88596436530544
0.06883583534174864
0.9953504250860212
1.0673063356597208
0.991837897631612
0.937941019113048
1.490269896284799
0.9454723403887719
1.902450049955172
1.6029694513227155
1.0797641288432325
1.3605166361193382
1.3128309767447677
1.0220714076873643
1.5435993606194143
1.0240819836301274
1.3016689035520828
1.7915443551577055
1.972716143165873
1.9162106865756057
1.5140804511138888
0.9448193268490788
0.2348831796639117
0.9972561479742961
0.8089969087643767
1.7985717765727371
0.6892657799254658
1.4604396242218347
0.03447008660531292
0.9224848543562887
0.43270065933766144
0.7264154178482252
0.8489557549324158
0.3898924669882371
1.446432473863506
1.187744192225174
1.8323552666799205
1.9650478541701637
1.8078142322252053
0.8268343772227134
0.22264397517079892
0.33078775385454984
0.9629693259982162
0.07683495007092178
1.6523327337906424
0.2051096711100393
0.6803133914531205
0.36271719431799276
0.9666408357751357
1.1396066873035706
0.47422204789215394
1.0415678445565115
0.1450473057479762
