1.841092440252794
1.7724355979509117
1.1812177215784598
1.434512933288521
1.2884710335619305
0.04040663841230385
1.0679729933561521
0.21630492123990308
0.277370016117068
0.3562930337197123
1.5690014226936686
1.2767885206401095
1.0495978537492419
1.3952838543241057
0.23626481350455553
1.8990365257521167
0.051288172863555914
0.7502563686914221
1.248119809067569
0.3517953640825633
1.4718173772101841
1.9415943242699778
1.5356182244994026
1.080078962371961
1.9098860776663655
0.2854961339534774
1.3870381818938902
1.6664962463317843
0.6240852147925837
0.7404314052736289
1.0894859902569745
1.9592141165735377
1.1366175612795648
0.4646685842644289
1.837473715670415
0.3593509450329879
1.210674886637535
1.1820918764393515
1.5582180880798355
1.3337335678801518
0.05539430209278473
1.2066357844652549
0.828134580750751
1.6008967045056055
1.1344481994779279
0.2568991785559964
1.4361897462572912
1.9656730551777426
0.5420800891377704
