0.8731956431580539
1.436083638603145
0.05705522013791864
1.0362337082109536
0.026733594051773224
1.87842440407448
1.6555154196492587
1.2085439879117748
1.2990708520094723
0.6529805953168784
1.3992797941887294
0.9177584511367156
1.8060428515113056
1.478067710699042
0.1317560058635765
0.15570740224896884
0.26562814923336964
0.1643716569007685
1.835146726618326
0.9308439647195024
1.7518697832823835
0.3013180147337109
0.07158621565889645
0.6497633255756141
0.943306469422688
0.10861315782000514
1.9095887030520178
1.2603480070588504
0.44345167603018654
1.3437564259320616
0.2792398117139987
1.0141518766229503
1.5280599431258874
1.2640537911295788
0.9412003606485242
0.3308670511237928
1.0917929745622645
0.06579317948197216
1.8181699272315917
1.3858780474511518
