0.9765358449548147
0.6171276588207886
1.1515961535809502
1.0954864428327489
0.00708075880239889
0.4264832388761013
0.6404279722686632
1.707242627105598
0.09168834901967848
1.6397791737639906
1.3094188344292044
0.15356677200282753
0.2768316934526682
1.3924574454545806
1.2560310639176837
0.9542070485032244
0.6570533022423568
0.5352061034861122
1.6319354472456324
0.021647908382194547
1.7048552204422087
0.9892902424462164
0.6874697385829474
1.5337415566194506
1.5195327873788855
1.6765593309382592
1.3431797963072158
0.19550700749958771
1.4012778224978395
1.9953591877471397
1.4654274797907219
1.6564534853361437
1.071313115602707
1.40846494337459
0.4226861860575526
1.7750879168670153
0.12385172359893382
1.6544043131515096
0.9905320240194424
0.8272047460486291
0.4173726242053557
0.3732528455299775
0.8336730417738623
0.8288394536741825
0.18000453578007392
0.1704609999833897
0.5939681122996077
0.6371582305776635
0.21533161208395546
0.42499319161421534
1.8233952315069808
1.5719594607514629
0.3841781576418941
1.2772837794113054
0.5010985281752625
1.007454134074008
0.19031811670496923
1.8920542914044098
0.44227645129862214
1.0760987845014491
0.31372005730687036
1.76188712860099
1.8709832284627281
0.6995431754364296
0.34008461102678345
0.7886020958954605
0.46632690087584283
