0.6536348054628354
0.9163698561241911
1.9005590956722602
0.43319809299448186
0.6600137953617415
1.509596100448733
0.07675081153694308
1.4655200198271952
0.43023061549703945
0.10137338046165123
0.27123177162284273
0.5324091272626474
0.19637614390231928
0.2558420634909462
1.8366257614165815
1.1664112545222949
1.3445258092066639
1.1294495979514556
1.688093825051641
0.12715654324215597
0.750535210215558
1.3126575192441692
1.735405432450987
1.4488914986756143
1.7728616267639863
1.7214973879871698
1.1849192760546177
1.3241024245585713
0.3037700907123644
0.6139332860594298
1.192508671492698
1.6247163726908167
0.12689569718022398
1.1087441430989604
1.2446744417281703
1.440785434813006
1.0961324494251623
1.0984598101583916
0.28029211065217474
0.41688233565600985
0.8239226090382616
1.5200569406782276
1.2419168018846474
1.4874417124411523
1.7944411657178256
1.4871936301167596
1.0496931955929134
0.4598670370618514
1.2133527883556319
