1.4553985763482822
0.381929727597786
1.8469618681304913
1.79235629319298
1.2641965328878566
1.515184034555071
1.598986293939665
0.5263304098861696
1.0545282386122175
0.013523299782124631
0.19411217871347874
1.4795223159227335
1.6230063505548733
1.8505121623368193
0.3190268348418699
1.4814661048685025
1.9747162538261849
1.1644770021864628
0.3798817843105451
1.725252687775492
1.4694566032000878
1.8235215996078975
1.2933614981516315
0.9564786041236633
0.3260566325436538
1.2418793755019077
1.99953763958769
0.05617479594355723
0.5068946360440494
0.6500733121107451
0.42822807289888765
0.45668475213698967
1.3658018795758844
0.07005744422955029
1.938598275931537
1.2762852628954238
1.5428926162733427
0.2835203115645224
1.7473760302046677
1.826804765286334
0.16059096052536503
1.5247633474858207
0.2077577790780496
0.9546697084513145
1.7882361485459395
1.573281976905971
1.0239027446929474
0.6920916431821871
0.029267229699283526
1.496740237579139
0.6500607749000653
0.6506203715605472
1.2024172778192477
1.9054130177709783
1.9930245370419986
0.014250866182673239
0.03462034689935001
0.3292418830578123
1.2367082263102818
1.7958300950906527
1.6284840252988286
1.3343389927010159
0.48184704443088133
1.5647310847307385
1.168233926961526
0.10962272543174745
1.845680528293312
1.0005003241153418
1.250545932483726
1.2167509207886398
0.02835725947300949
0.6547195860266353
1.7741472258650952
1.7907167423636832
0.7069829512888464
0.7182190551586531
