1.0402645282259337
1.7062385088528487
0.08839061347479849
1.0775765197307439
1.7913550986308393
1.8610395879898052
1.0334641230207393
1.7944786768757925
1.8622680090387038
1.7306843247065928
1.8183056049477688
0.2546937145409056
0.6849366521805691
1.27114449044379
0.8750693703433878
1.469461787059858
0.9128434112730086
1.057069243702887
1.6268735830145262
0.6316270835596236
1.6043582184382017
1.1525901981038462
1.352620218297662
0.49576041706162766
0.8540406004624894
1.1829005747160823
1.335969352785051
1.500533928241051
0.6809695879316338
1.0740065951895819
1.412079781398511
