1.2904058171128354
0.8104638110972013
1.110328028498679
1.5458559415593696
0.34087284864038514
1.6145072967008236
1.5854386049770635
1.005492982702123
0.8295693020189261
1.9146154042024301
1.8430433680473906
0.9650771724237388
0.41244893919292824
0.5743116648235134
0.8927475581769113
1.9880214593397865
0.8253639910113497
0.5351556095195926
1.6756784888968737
0.09424328501670631
1.9183728225008618
0.6706598283726573
0.05785063325321982
1.0974994920893608
0.6120473680394598
0.18547801070287395
0.7671247481766454
0.23578915479207785
0.9320530093943113
1.9168430642097931
0.04280588400469609
1.5424595369602252
1.5941699907818419
0.02623832782095592
0.40153555536242624
0.8609885317164836
0.3166017886494692
1.1719434939807472
0.8884525615789851
0.6861090054105894
0.48799309931151047
1.8295022944634889
1.6968308436107131
0.30504823140787085
1.068551657125496
1.7153605655283033
0.4720748116715545
1.5220529475564977
0.5288122751581268
1.55186554713605
1.3546263063754136
0.19815897512425673
0.25888545864206014
1.0153860202094251
1.0082519497299334
1.7689739499343577
0.7068133437188164
0.14927542779996994
0.8682677343449021
1.947901252380241
0.608042271361315
1.448652298665726
0.9138604251352778
1.7561749877306734
1.9301463332058244
0.5328122492313421
0.514773067128294
