0.02110409348653297
0.6534257675237307
1.138493385131368
1.3569297655233115
0.29687904226989126
1.0816839038708737
0.2864583156547682
0.5689026746859427
0.023105522552580027
1.8672914920461712
1.737543692893147
0.5946650193536125
1.7716230535972741
1.8258679092739336
0.29630740270386724
0.6239318613000093
1.71925629234326
0.047867891218427605
0.029901666075463407
0.7892244187496953
1.7718584737649734
1.6571270294755438
1.7194195447184275
1.8198461751351194
1.634537817105047
1.9247055580695691
0.07254963728975827
0.8407055492619446
0.48318826145205973
1.4022534674680283
0.06435646624555824
1.3695148722874761
0.46531835485086726
1.2058103875583979
0.8239273980003525
1.268881613762932
1.634797602376409
1.2805976348972226
1.798552243152164
0.7589314141045356
