1.0000000000000002	-0.4894945312214084	0.07414608226794334	-0.07602127838224251	0.11452738336026057	-0.7691993960226127	0.2916749353744319	-0.2774168171527036	0.15792044867530958	-0.08147823565932444	0.10074687171539852	-0.1010453880411681	0.1421594224357782	-0.10746809606557374	0.11411987166746641	-0.0900451265289574	0.10118710022388742	-0.10258104957346066	0.12218889310714272	-0.10154879922539936	0.11629069615141635	-0.1188340184000059	0.14793721917588656	-0.0706447195999029	0.07470771015298705
-0.4894945312214084	1.0000000000000004	-0.12048673575301636	0.10930291178441637	-0.20304440539648572	0.3097973367004946	-0.5801765981045783	0.31496728811566205	-0.27829939574607715	0.14060973345906277	-0.11138802368862644	0.15282764500183432	-0.24189886755559034	0.18110155986772558	-0.19847679799361775	0.09484825086027023	-0.16084588027729788	0.1702061973364802	-0.21009313393194376	0.16908646202495775	-0.1671689606229024	0.15680230063410153	-0.2549510294114506	0.1184248650379857	-0.12764382186846185
0.07414608226794334	-0.12048673575301636	1.0	-0.9658164692159498	0.07150473967559265	-0.06985876310567828	0.09267423381983546	-0.16142045117312692	0.1087327746211358	-0.05366041364075187	0.030273194780624887	-0.0452240923757977	0.07648010104851187	-0.06836007355346747	0.06699407786682185	-0.026326393101501918	0.04614022588607778	-0.053754535713896344	0.06670387860466544	-0.05890191560162024	0.04745951843880092	-0.04869303813588671	0.07503818523136224	-0.03836462719330325	0.04008349963085911
-0.07602127838224251	0.10930291178441637	-0.9658164692159498	0.9999999999999999	-0.0806213233489913	0.06878619474127927	-0.09127204682545119	0.13837081208786325	-0.1258109482532908	0.05877247694019223	-0.03205591058610592	0.047935409074202406	-0.08324332608855124	0.07414006484929955	-0.07404315378941166	0.027786525862590127	-0.04948571022491513	0.05810061753660568	-0.07307574809131395	0.06352498971243903	-0.050728061385477495	0.051427990588974	-0.08191511972558597	0.04150099483909929	-0.043638948790486284
0.11452738336026057	-0.20304440539648572	0.07150473967559265	-0.0806213233489913	1.0000000000000002	-0.13280001500261757	0.13179941768685202	-0.23039165762199387	0.24782241501918656	-0.7678286868784489	0.07219287008891663	-0.11484110479846972	0.18462034355437795	-0.21995832951321925	0.28750184172083754	-0.06466994589476611	0.11220024779084815	-0.14674795688673203	0.1934940421237254	-0.26694944113352953	0.12185185149911133	-0.14484266334706317	0.1839543227911126	-0.12805056095611025	0.12604350896716934
-0.7691993960226127	0.3097973367004946	-0.06985876310567828	0.06878619474127927	-0.13280001500261757	0.9999999999999999	-0.4402444669584827	0.253252343897934	-0.18350180733972404	0.09329149785856068	-0.12971151441229925	0.11470140572967202	-0.1648327490905046	0.12232052351022794	-0.1317070494445883	0.10234695070617426	-0.1182083795266235	0.11741004986806824	-0.14122278336326974	0.11477595503944983	-0.1338176209869029	0.1262700891889578	-0.17195843402999797	0.08034630421514251	-0.08573289775649182
0.2916749353744319	-0.5801765981045783	0.09267423381983546	-0.09127204682545119	0.13179941768685202	-0.4402444669584827	0.9999999999999998	-0.585605201566669	0.19413778387732533	-0.0955561262429804	0.08817472366203999	-0.1442416661840341	0.17587944497117827	-0.13075578890202527	0.13311046167517215	-0.07666315051998077	0.129800477362917	-0.12345713619241129	0.1427306684870824	-0.11818298860121468	0.11445073879394169	-0.11415512884301593	0.16912820073653184	-0.0811971513431675	0.08532541878793914
-0.2774168171527036	0.31496728811566205	-0.16142045117312692	0.13837081208786325	-0.23039165762199387	0.253252343897934	-0.585605201566669	0.9999999999999996	-0.38185947862867714	0.16602834596470586	-0.11257460703976833	0.17244969176018676	-0.3188103434113897	0.2273577819987888	-0.23196956044579237	0.09625767332336654	-0.17938139149647606	0.20097522889295005	-0.24348467663043866	0.19712779731283994	-0.1704032804213756	0.16608945838342423	-0.28420059835650235	0.13461087530369853	-0.1429770549554305
0.15792044867530958	-0.27829939574607715	0.1087327746211358	-0.1258109482532908	0.24782241501918656	-0.18350180733972404	0.19413778387732533	-0.38185947862867714	0.9999999999999987	-0.29986934221297157	0.09577047102218292	-0.16766683133085628	0.2811586761873112	-0.5991357902559213	0.2921959842177919	-0.08630627258802295	0.1566396783986161	-0.21154883363268576	0.25958099850690364	-0.27662256888199005	0.1543068225171103	-0.18269476767634668	0.2391505257196459	-0.15487075262571942	0.14944597233587242
-0.08147823565932444	0.14060973345906277	-0.05366041364075187	0.05877247694019223	-0.7678286868784489	0.09329149785856068	-0.0955561262429804	0.16602834596470586	-0.29986934221297157	0.9999999999999994	-0.05374660467466386	0.09231536401333487	-0.16345761078804907	0.2152691600739565	-0.46523071807134286	0.048203285281577885	-0.09082975058295295	0.12307012395567965	-0.17338438712770043	0.21842240941639898	-0.08764341851311096	0.1034830378639007	-0.1495665144373579	0.10329080285326822	-0.10661346062190723
0.10074687171539852	-0.11138802368862644	0.030273194780624887	-0.03205591058610592	0.07219287008891663	-0.12971151441229925	0.08817472366203999	-0.11257460703976833	0.09577047102218292	-0.05374660467466386	0.9999999999999972	-0.1824001590536876	0.11522370905976198	-0.07783725366539357	0.07767301629470186	-0.8970850686138164	0.16156285403097417	-0.09700121059784084	0.09356278289413163	-0.078109352179704	0.2244333709417517	-0.24617786905128336	0.11913114790205316	-0.05583259836874625	0.05595642541613817
-0.1010453880411681	0.15282764500183432	-0.0452240923757977	0.047935409074202406	-0.11484110479846972	0.11470140572967202	-0.1442416661840341	0.17244969176018676	-0.16766683133085628	0.09231536401333487	-0.1824001590536876	0.9999999999999994	-0.35366248079459134	0.16144277855433276	-0.13977015640613963	0.15186837883820586	-0.8262925333301918	0.24494368563545138	-0.19398754478699595	0.14709744432973038	-0.15009325851083943	0.16306117757861555	-0.2315664472229477	0.10328158727777445	-0.0994820100934233
0.1421594224357782	-0.24189886755559034	0.07648010104851187	-0.08324332608855124	0.18462034355437795	-0.1648327490905046	0.17587944497117827	-0.3188103434113897	0.2811586761873112	-0.16345761078804907	0.11522370905976198	-0.35366248079459134	0.9999999999999969	-0.44691845673355185	0.23999324226149327	-0.10687057743463078	0.256918824341864	-0.5088302093833822	0.2917211893415303	-0.26621089104518264	0.16271044943144003	-0.20222343821817312	0.29919026468865606	-0.16930150334283608	0.15468063352839065
-0.10746809606557374	0.18110155986772558	-0.06836007355346747	0.07414006484929955	-0.21995832951321925	0.12232052351022794	-0.13075578890202527	0.2273577819987888	-0.5991357902559213	0.2152691600739565	-0.07783725366539357	0.16144277855433276	-0.44691845673355185	0.9999999999999968	-0.45442260242945004	0.07030157487827082	-0.15577610411567053	0.22977063877853623	-0.35545807920440353	0.26889401917602224	-0.11798404675979539	0.14038049503286557	-0.2300054050092026	0.1464537456881337	-0.14408517825762715
0.11411987166746641	-0.19847679799361775	0.06699407786682185	-0.07404315378941166	0.28750184172083754	-0.1317070494445883	0.13311046167517215	-0.23196956044579237	0.2921959842177919	-0.46523071807134286	0.07767301629470186	-0.13977015640613963	0.23999324226149327	-0.45442260242945004	0.9999999999999984	-0.07015143369544323	0.13385752416937882	-0.19265864854398498	0.2727374732468527	-0.5225247578225399	0.12606805762791268	-0.15174789314285908	0.21570581183477544	-0.1714750105869973	0.17176542740326128
-0.0900451265289574	0.09484825086027023	-0.026326393101501918	0.027786525862590127	-0.06466994589476611	0.10234695070617426	-0.07666315051998077	0.09625767332336654	-0.08630627258802295	0.048203285281577885	-0.8970850686138164	0.15186837883820586	-0.10687057743463078	0.07030157487827082	-0.07015143369544323	0.9999999999999998	-0.1771575822270256	0.09026017362282314	-0.08632527540055752	0.07032518751884244	-0.30189486772926644	0.20669934474154167	-0.11071075299466819	0.05052747362225998	-0.050766505386089456
0.10118710022388742	-0.16084588027729788	0.04614022588607778	-0.04948571022491513	0.11220024779084815	-0.1182083795266235	0.129800477362917	-0.17938139149647606	0.1566396783986161	-0.09082975058295295	0.16156285403097417	-0.8262925333301918	0.256918824341864	-0.15577610411567053	0.13385752416937882	-0.1771575822270256	0.9999999999999969	-0.32729898921252343	0.18719834623741824	-0.15344291874533414	0.15392803779262904	-0.19287282749056833	0.218665011651629	-0.10684651541780164	0.0993555990857484
-0.10258104957346066	0.1702061973364802	-0.053754535713896344	0.05810061753660568	-0.14674795688673203	0.11741004986806824	-0.12345713619241129	0.20097522889295005	-0.21154883363268576	0.12307012395567965	-0.09700121059784084	0.24494368563545138	-0.5088302093833822	0.22977063877853623	-0.19265864854398498	0.09026017362282314	-0.32729898921252343	0.9999999999999969	-0.46230400556796253	0.23648361055851608	-0.13437658695015692	0.16579108691831984	-0.5588041485486156	0.1742140352520471	-0.1572740148716264
0.12218889310714272	-0.21009313393194376	0.06670387860466544	-0.07307574809131395	0.1934940421237254	-0.14122278336326974	0.1427306684870824	-0.24348467663043866	0.25958099850690364	-0.17338438712770043	0.09356278289413163	-0.19398754478699595	0.2917211893415303	-0.35545807920440353	0.2727374732468527	-0.08632527540055752	0.18719834623741824	-0.46230400556796253	0.9999999999999964	-0.5450137691954088	0.14538681889590954	-0.18081263700436714	0.29855884674712574	-0.30000090525698037	0.23415229772822002
-0.10154879922539936	0.16908646202495775	-0.05890191560162024	0.06352498971243903	-0.26694944113352953	0.11477595503944983	-0.11818298860121468	0.19712779731283994	-0.27662256888199005	0.21842240941639898	-0.078109352179704	0.14709744432973038	-0.26621089104518264	0.26889401917602224	-0.5225247578225399	0.07032518751884244	-0.15344291874533414	0.23648361055851608	-0.5450137691954088	0.9999999999999958	-0.12224477585637972	0.14403020510068545	-0.2850322457813544	0.24894629598104295	-0.35378608999379646
0.11629069615141635	-0.1671689606229024	0.04745951843880092	-0.050728061385477495	0.12185185149911133	-0.1338176209869029	0.11445073879394169	-0.1704032804213756	0.1543068225171103	-0.08764341851311096	0.2244333709417517	-0.15009325851083943	0.16271044943144003	-0.11798404675979539	0.12606805762791268	-0.30189486772926644	0.15392803779262904	-0.13437658695015692	0.14538681889590954	-0.12224477585637972	0.9999999999999958	-0.8103439114520419	0.20073691076513478	-0.09008325601064333	0.09232481391623643
-0.1188340184000059	0.15680230063410153	-0.04869303813588671	0.051427990588974	-0.14484266334706317	0.1262700891889578	-0.11415512884301593	0.16608945838342423	-0.18269476767634668	0.1034830378639007	-0.24617786905128336	0.16306117757861555	-0.20222343821817312	0.14038049503286557	-0.15174789314285908	0.20669934474154167	-0.19287282749056833	0.16579108691831984	-0.18081263700436714	0.14403020510068545	-0.8103439114520419	0.9999999999999953	-0.2824573997719718	0.10970184884449857	-0.11514400879382082
0.14793721917588656	-0.2549510294114506	0.07503818523136224	-0.08191511972558597	0.1839543227911126	-0.17195843402999797	0.16912820073653184	-0.28420059835650235	0.2391505257196459	-0.1495665144373579	0.11913114790205316	-0.2315664472229477	0.29919026468865606	-0.2300054050092026	0.21570581183477544	-0.11071075299466819	0.218665011651629	-0.5588041485486156	0.29855884674712574	-0.2850322457813544	0.20073691076513478	-0.2824573997719718	0.9999999999999949	-0.2927734199980405	0.21432856538319667
-0.0706447195999029	0.1184248650379857	-0.03836462719330325	0.04150099483909929	-0.12805056095611025	0.08034630421514251	-0.0811971513431675	0.13461087530369853	-0.15487075262571942	0.10329080285326822	-0.05583259836874625	0.10328158727777445	-0.16930150334283608	0.1464537456881337	-0.1714750105869973	0.05052747362225998	-0.10684651541780164	0.1742140352520471	-0.30000090525698037	0.24894629598104295	-0.09008325601064333	0.10970184884449857	-0.2927734199980405	0.9999999999999946	-0.8492347333610318
0.07470771015298705	-0.12764382186846185	0.04008349963085911	-0.043638948790486284	0.12604350896716934	-0.08573289775649182	0.08532541878793914	-0.1429770549554305	0.14944597233587242	-0.10661346062190723	0.05595642541613817	-0.0994820100934233	0.15468063352839065	-0.14408517825762715	0.17176542740326128	-0.050766505386089456	0.0993555990857484	-0.1572740148716264	0.23415229772822002	-0.35378608999379646	0.09232481391623643	-0.11514400879382082	0.21432856538319667	-0.8492347333610318	0.9999999999999946
