0.561486184012502
0.603069911147299
0.5785528827148108
0.7908518807922493
0.24540999959920695
1.1183155695706235
0.4710162757707317
0.5959173240869773
1.2140802727154365
1.8198466585244417
1.0767943288292394
0.7780758660974354
1.8457352809672525
1.8215250755908343
1.1664869469258297
0.07951566925113873
1.9033209556770712
0.5265797998275419
0.842405397721854
1.3965821816579633
0.29221011674548647
0.8649921209941747
0.060731656401249
1.691586009334535
1.8536898582938135
1.1683465819808245
1.9962166427067864
1.5494395692566711
1.081923235781098
1.5441170124832309
0.9550992953906738
0.6946541019998991
0.4125242642312359
1.4182400098374353
0.846273288656131
1.3553104213187952
0.7862009067540798
1.441340780700643
1.4297685019452602
1.8583250792734014
0.7641503214680587
1.8038211178297967
0.41050696381956486
1.2994109433498844
1.4071555513201366
1.5182770607168434
1.3923867841692017
1.2140665205003573
0.8149852391270356
0.5427418928174221
1.0200979508137102
0.15589347528033448
1.1193552823064326
1.884935197592854
0.4291629963387238
1.1385025028035023
1.570239766556658
0.9662623668559216
0.39262650720285475
1.4933884090955152
0.44034100071117344
1.2373714648288607
0.48339693460982414
1.767451292736399
0.22659832086624165
1.8568856260224766
1.3553604006384306
1.8374608027325707
1.273510908254802
1.7036917816051527
0.7652135739200565
1.693759600664806
1.3099898999182207
0.5469486860243351
0.851692133231956
0.7402367595872197
