1.593928442721721
1.4052019920364893
0.3326193904396777
1.230123984471252
0.2392895487938813
0.8705540500818492
1.8393676768807894
1.2787154095261832
0.7280380653305891
1.6036428331267905
0.17958662407104464
0.37767783327953586
0.5029961133809442
1.3777495430978939
0.22225042485500657
0.007100340909647951
1.314564908354614
0.12199168978788588
1.3066354703406242
1.8260543749119869
0.9647130470022622
0.9864449757303593
0.6924420913940246
1.5985240801742728
1.3068489344357208
1.5977366392538106
1.3877354410232394
1.9446973089965716
0.6105718332724197
0.014809878078517968
0.6765210144460951
0.34746724375385174
0.7726037585906598
0.25803917527413
1.0208137722433537
1.5676559861235404
1.2912076361755314
1.9619913826259872
1.601180246414037
0.9694131551193297
0.8189735761713695
0.1912818883121603
0.6163083262071738
1.6772685645110865
1.5855215153756639
0.4751953352064997
1.6360469592881377
0.4363527062979413
0.42234422723973175
0.9013984389156882
1.9966269898597426
1.6218821332938793
1.3504465626443714
0.4407705945102425
1.9968356603425002
1.9504366387308552
0.5451363255141093
0.6429752724332398
0.06167674627247388
1.1030889427777688
0.4016050577421626
0.030259386821155587
1.8409726346838164
1.7307633415548844
0.7719440167987517
1.651184275282826
0.6860186891323048
0.8988892742300925
1.4315877522163398
0.4245358140802207
0.797375281039761
0.8839248081410886
0.8443930366006649
1.8500481730456038
1.7380108015805615
1.58118363004878
