1.4632213816397712
1.6665572835337352
0.9656798453712669
0.11423742087353483
1.2313772343545035
1.4139609053700601
0.061488837801495944
0.7882134996500607
1.807430337130453
1.5777136831040903
0.581014911260302
1.7009154160467634
0.10001799048067106
0.039843655710392056
1.7235692276180017
1.625719953030801
0.4681774666456553
1.4678291252611935
1.408883818652519
0.5452300862145103
1.2573424535395605
0.3115134360901828
1.578649761720695
0.9349916675084566
1.5608283200860136
0.6023980857341176
1.926646579041031
1.923338668560802
1.4015535477392977
1.951458808294968
0.4396614744880556
1.0302521464349894
1.2111243505080234
0.11654032633320366
1.8936448631967733
0.03298748682988828
1.1622062756474811
0.11013720944354377
0.6411980917709665
0.7863924109515947
0.22724624059694243
0.458618171610925
0.9030557287294072
1.965734707248258
0.1502868654560543
0.8995345845792624
1.2132831297051578
1.2363111677474405
0.2328399560653902
0.7535870777862312
1.3932179401541043
1.1700169205869972
1.5755578539379584
0.9052676934309107
1.3211529955195953
1.3186275559651222
0.12047943104452452
0.9307300403213126
1.8413002729472638
1.5366477226761224
0.03782189325106389
0.2666730957689931
1.3987388473353
1.190638777791051
1.603775165374819
1.1653901262646635
1.655264907595904
