0.6414038679664307
1.9370142101406373
1.7180674633715118
1.0598420815967668
0.15469104672198686
1.1742877537781764
0.8061224374429545
1.2609679167978562
1.5221036306353648
1.302070525428475
0.4630683902988677
1.1152694296350925
0.6640474147814364
1.5378219646501141
0.41597340573063724
1.963399643818784
0.991526126920586
0.27404209599221874
0.5614007972519537
0.00912289660738752
1.2958664030130236
0.376958879101871
0.7593822138175965
0.4296274968410345
1.8511205081060598
1.9357192579954532
1.8965613600145752
1.8776990947594685
0.5913686039258041
1.0054065661114846
1.2566857241045422
