0.6011841338973323
1.817563720045663
0.027808710721222152
1.8765716956729719
1.8384324241112764
0.14579523279371331
1.1916697060958645
1.1457596094983695
0.7876817489651637
0.9549303120217023
1.9118873345211553
0.46101215894366243
1.4717548032547234
1.763641551295886
0.846549030018489
1.550093675806167
1.297549355662928
1.1043102345944673
1.2976185872736936
0.5261419328779358
1.3986089430560966
0.6693953270722721
1.0081434268879734
0.7281386268423065
0.12327456640882284
0.35714474773693494
0.5181576117633115
1.6063169655519864
1.6422011738472078
0.2065099664843122
0.3270516072899077
1.7784081669681462
1.6288660409430236
1.391630923890864
0.15348046627512923
1.547421084729197
1.7056742830049858
1.1791297061774495
1.878411703372251
1.0541308243589778
1.4089103732510218
0.9391273547144818
0.9269078621946116
1.9175496269161378
0.4251240117567274
0.8049229021171374
0.20904045059991105
0.4292114221923993
0.11211528672155957
0.398250853694305
0.1159479803913146
1.6721445372051869
1.0855510387810798
0.022634324022423158
1.4830529336317806
0.694219327693371
1.3799836534472165
1.1546208543419398
0.40150147139801806
0.9239778492295141
1.532099931216362
0.27714207721611883
0.13852686483117038
1.856591623148406
1.6759221741330728
0.24233698437163298
1.7439650821755381
0.2227114669152317
0.6235615205555947
1.9311358433157206
1.4262511755540284
0.9307029487212186
1.9740518135124066
0.4590154465869123
1.1771917273658952
1.598839249316641
