1.7578008884519112
0.41422907586979596
1.2059906320093603
1.9498343830843599
0.5430836972077975
1.9865332521314962
0.6949245658408842
0.09969357959672598
0.8005795444001276
1.4065787140881243
0.7862877377355235
1.0955599951436823
0.6520838992463807
1.488106189427954
1.9881655949215036
0.40040899659088813
1.853285149641784
0.5229508310775004
0.946559798000314
1.3057076191212373
0.0721842162383215
0.12951745407798176
0.09239676346439563
0.5628774277803257
0.3698520334201918
0.15921304203055398
1.7972033103051785
0.629388741935657
1.1179935372759235
1.9452956980009826
0.6940487586883157
1.7046398569977042
0.8176965753524859
1.983289153094273
0.7128943332377031
1.4060026135998713
0.623311291503843
1.8866818082345294
1.257834822477312
1.9792948464976807
0.636285618791089
0.3927919700573801
1.5999646071039866
1.0921155335940034
1.822029298588547
1.6605399371022491
0.5434826145665888
1.44137747900553
1.5815956467479428
1.3599911044441213
0.8205613906627605
0.48822337149503703
0.5994655270557168
1.5974107401285162
1.9958761093174529
1.011254706695261
1.669885053866142
1.7653826875618108
