1.0223888130434546
0.2974336523864234
1.96087230008962
1.2448271207874684
0.7251767891347769
1.727120934033406
0.7154562675164846
0.6094405318147493
0.8373869489496859
0.3179528968221952
0.9130352859516679
0.9122348539569844
0.2375001916185293
0.7734508933552418
0.2433375848322692
1.0204999713728466
1.208989788925929
1.1710492599825533
0.5625784491858212
1.4038613339260868
1.6806748516037073
0.35347530519933423
1.2922193927496357
1.689107547597816
1.7208566662893894
0.37635714962465316
0.8110157417673887
0.38826347693786367
1.3850306446173954
0.8936837784234584
1.2779415813121782
0.9643871265976687
1.80023709928287
1.1316120722697622
1.5112760841704662
1.9497403305843113
0.901724564876556
0.47075021382916127
0.15210124014333992
1.8119473453231882
