0.9395455915856008
1.2823670673849397
1.331019376736681
1.7542379589212764
1.9600968650509647
0.8102483213070193
1.1740433173356037
1.053640793923024
0.627194337848588
0.933372552684316
0.3556120939551799
1.8842563286704381
0.2530772104045069
0.3212297253211207
1.5618139450110022
0.6868556983782081
1.0610455169877486
0.2005233980432557
1.5984774851263457
0.13491292729785842
0.06491124087322042
0.8215516552088227
0.5995997571309717
1.084255826139068
1.338435247606069
1.862708607685434
1.3169701115794208
0.433525478385699
0.8789378120341476
0.5163527530280283
0.03094588313827451
0.9677191096101696
0.024400058107143074
0.029269550835553382
1.0122941390221896
1.955294055221012
0.6664136349510867
0.12468174714729363
0.08688984015708678
1.6842867977836882
0.9953369583796507
1.1455078512217538
1.011094752442781
1.191589740901951
0.9932527786153464
0.8502393235907171
0.07935218378145947
0.27209536091477027
0.838899973555598
1.181439587779685
0.35217055054090496
0.0550459759150157
1.234343751314639
1.944615466941547
1.0227457834738232
0.6149444463369997
1.084901125372744
0.4018923866038757
