0.5726337770253802
1.3324963095296418
0.1036083676392563
1.3324292844472634
0.09078461314836561
0.1019852657037732
1.2159212275804605
1.329219940006217
0.5376135401900486
1.387605235183663
0.4466322294410676
1.5843353543227408
0.3586943509163443
0.244760987247842
1.441106031395376
1.4041729398406821
0.8834049858712034
1.1372876648072738
0.500279092254075
0.5485032172805018
0.9107268256253254
0.9625623621789816
0.9445305241614479
1.5744457120474267
1.4243042534657104
1.722418176945936
1.2288066075494979
0.9893588918669245
0.25524357013125387
0.8944530060293419
1.644118951251397
1.5027709799312068
0.8416253792369832
1.6636488746260567
0.3036957322221534
0.5928546415155314
1.8787463976674608
0.22316555631817936
1.2373498602471167
0.19187007412557655
1.0038925219580888
0.021762961128986902
0.3294998345973039
1.1239761031579047
0.23758707647171962
1.1179068071988034
1.1538791880176986
1.5927686761569668
1.0162670190973726
0.6109328109586611
0.5564986877298312
0.6499452288290031
1.5986686403812729
0.8985270024609715
0.7004204610710407
1.347095500486041
0.601347556791703
1.322934399153798
0.9622720528025543
0.024869480984038184
0.17750214513281604
1.3851824683190324
1.3296650522518214
1.5974411524521357
0.3032708412614924
0.26875020205594957
1.8446687094999454
