0.27129942955851005
0.3697151261268039
1.41941462059873
1.2710017051556295
0.15752038155774972
1.2544944755773133
0.34232449758859174
0.702070088739533
0.8933623830821364
1.9564179076253652
0.11972426228805055
0.6250460976924805
1.6886027592801245
1.0551793577447417
1.3756138133508182
0.29424124189762724
0.8617512518163819
1.271675673456444
1.7974375547815522
0.8004702859245687
0.48358088198879123
0.9889408339208132
1.6615628386422028
1.6531814189642686
0.6192796099884803
1.1615429434012512
0.9741895604652355
0.7974298039594658
1.9050016712976015
0.44734993739453577
1.8838265741791633
1.4830049476845
1.1314763345243057
0.1406945501288841
0.10267454142120336
0.6242879197875411
1.756012415681281
0.9323979105515412
0.08280953906877819
1.2380748533981665
1.9728159160234369
0.9415241273552812
1.898191298466021
1.8083815092053888
0.33019554320090894
1.3040292775443052
1.2678683604317427
0.16705588800041005
1.3969645479076491
