0.6402456701246417
1.5472641079831475
1.2511071046188094
0.663092404865588
0.43943155333203077
1.382517174653609
0.12829080336818288
0.8820658051864356
1.4651013019052987
0.28238195373507935
0.29776602353180426
1.4396619953371896
0.2514801414288832
1.5705453770948758
1.0738731786775935
1.535690307330254
1.1466372765510013
0.2445366009515575
1.7353261742116661
0.11218105442986781
0.5820624255860309
1.1978190431324869
1.161326088767587
0.5317173095558498
0.3525084603674511
0.8805441489532537
0.6818038074746351
1.2020563111360958
0.07526445957623151
1.6459395557414132
1.363628780958182
0.7390386970236276
0.5680652407901041
1.319984998575388
1.059030844993465
1.4901145396730828
0.019152019676010212
0.3241770324477269
1.3715112951990376
1.4392611498285603
1.5999156123280525
0.5685232767375132
1.57405087167083
1.966111580761842
1.715072557680792
0.7629046049553159
1.0300131231708924
1.9341206417228318
1.2407750267748439
1.794190884591619
0.041578040619900225
1.4040668933163665
1.2323353089816278
1.9183918216413742
1.3663732364883887
1.3643983009036713
0.7871648970248217
1.1041919680944976
