0.8800170639978511
1.1222285972892427
0.16919118840125202
0.8171294491792684
0.3591092747132367
1.2677389183047199
0.6987815748833555
0.6988077616986197
1.602378355057867
1.069515729995873
0.6880811861803209
1.1383419057846065
0.13929459226469065
0.11660737682242672
1.1189420915845116
1.2175866738274754
0.9443263099901276
1.2038553080645378
0.9101771217551335
1.8720625440928025
0.1632656169486335
0.6890455388365635
0.38651213315407507
1.1722500025649216
0.8562121082553631
0.5090410458004815
0.23222775482083557
0.8713004734443719
1.0785202075900937
1.9711942389550248
1.6330993303292316
