0.3821707623162105
1.6120646698599885
0.15394047705645342
0.5889385861651024
0.624006183385724
0.5017442590512746
1.3810920557180641
1.7460501546570257
1.2862333633601337
1.1491324528576463
1.8738629216814098
1.0271682885560094
0.6254551039515914
1.1971214323870027
0.9812608223795225
1.0122084540666
0.13217184507462498
1.8670437386376553
0.7399798996353399
0.7006410890295673
0.95605337154851
0.22614315124079232
0.4498735182744986
0.29603592230656606
0.4515736918814852
1.3630013756724586
1.9665345080399166
1.5819958790934896
0.24790138822760976
1.3760361593197468
1.2560532424727286
1.166087670280311
1.5597694264445252
1.9975568489711248
1.1494533200717694
1.710199824776494
1.98492391442121
0.9166848289448817
0.21078745468802884
1.1418835818311264
0.8084683988145747
1.3766191682296283
1.7091296437326595
0.21781649408858117
1.9226782558457676
0.8385678482578722
0.5243632435741956
0.4613752041988639
0.6486616618092538
