1.1843767563540628
1.7401903608508227
1.0234829529616771
0.5991375746023309
1.2480482312535939
0.13316468566254924
0.7616148870401802
1.5409687305526751
0.7341731059642949
0.45481058212410197
0.6859557019911442
1.8355628250056242
1.1058655184430295
0.9916201023478162
0.8299974131884609
1.5827032293424192
1.8650753979976944
0.9731974952125428
1.0841049980225894
0.16190876227404516
1.7402824239934978
0.382454591138087
1.613874617667253
0.48033233128532116
1.1713680316451316
0.3284008395484128
1.8636331548137486
0.4943011430915405
1.1373784313245032
1.3493525884269228
0.4948168751347901
1.531707136481074
0.642057995955374
1.878789207300191
1.2529323873816622
1.7099923451444288
0.026857010123903624
0.2798470360660903
0.170495503098965
1.025302883023652
0.31621747924353105
0.07337575409422215
1.30719149845351
1.9477450387403543
1.6115649340539084
0.682803133609482
1.2925876732702335
1.1658864633467902
0.6878557930769409
0.7063827392363962
0.42016514615509815
1.0686130721855385
1.8321019888697907
1.522714972054227
0.4529765208114891
0.5781254931449018
1.1278467326165642
1.8474206548443357
