1.7400527215479706
1.8595637392657154
1.0510353508172043
0.313068065060913
0.9630635335516575
0.5473015177928384
0.5184082309466391
0.7082837589341944
1.439628051303968
1.9873551407882304
1.4854298293673733
0.1563529715435079
0.3480859974422721
0.4119763997217589
0.3105854200758862
0.587428307727532
1.0178212269543034
0.7885418836344722
0.10818128002283567
0.7345525515719129
0.5116028875646537
1.4939693112329353
0.20560326306267473
0.5437611315850024
0.10483942151942038
1.273452676352734
0.5686787592310365
1.3782669587242702
1.499662071495358
0.06896116218623805
1.6692642981558143
1.1447409590022257
0.6892944694812906
1.921192861442369
0.7641811156894809
0.9832234312657504
1.5819948920759206
1.368117564091305
0.34628831631348467
0.014480340361288757
