0.32754591371866315
1.0039929202201012
1.763177940704435
0.825829632801061
0.040597936040008165
1.4455117223346288
1.7965222861178005
0.2265002324838492
1.9372303710612586
0.7436655015331195
1.3950802956560886
0.03191034759581868
1.6519061533013564
1.7603887284647945
0.36996698233131387
1.7662190554266348
0.48561306445100927
0.7743130172812087
1.0224917325642848
1.333768409479715
1.8402905975667867
0.1939859188944233
0.18829124859802882
1.9277548928160817
0.022686385125521014
1.7140011079143513
0.696524606279513
0.5588225791254153
1.2726567346113522
1.6180755067474517
0.9340714375837833
0.9130472724502794
0.8700589913496621
1.843292055622146
0.810747588577617
1.3661656993640219
1.742140092664361
0.2880793130051629
1.9459809716461298
0.025025401383278467
0.23632535857511439
0.3373364910197312
1.9448485217600715
0.45057110774710996
1.789377128930656
0.03750601228230277
1.9325093486399982
0.7599371653436564
1.036465390007952
0.850914964587723
0.008634190662509589
1.9343570637989984
0.6748529012390097
1.597422394943592
1.3194790295598784
1.1296451528418863
0.6060834567531095
1.4479275767691617
0.6342900558877536
0.7853785556563424
0.22417696055893055
0.7633219491444367
0.681223467988727
1.2332998327860407
0.16977560376099854
0.10271274867441793
0.1422086773237572
0.24726874399711818
1.61765859608398
1.649005973407109
1.5803025699902116
0.32105512946842163
1.9236369894370835
1.9033480585719231
0.05015581692631921
1.639698797152743
