0.7395793070568004
0.43838884874763373
0.6984821796546199
0.03633481110354797
1.9835028260472072
1.0787681271973053
1.6913625321284598
0.2203485743396163
1.2746422391163184
0.39602182656993756
1.8719539639708573
0.5871453600721184
0.7247348269482532
0.4649945759088494
1.101747366491185
1.6195321286501718
0.8551722164555429
1.3129155545288183
1.7637840159807006
1.3539437179032925
0.6309910092001116
1.21560835692462
0.8496333280864641
0.5694093286164628
0.17692291484916334
0.8211564991319737
0.27868515604891675
0.526924549168375
0.9046897549969506
0.014803556741648016
1.076737572666068
0.7669099896335458
0.38211550559122864
0.24391602386008282
0.49777167038853465
1.2619315143462315
1.4860719309456965
1.9697329369194665
1.547545179101315
1.5925397732938804
1.8975442884783993
1.099504214339397
1.3241312578759357
1.9213281568999423
0.3254881320121181
1.8419520674938772
0.32999129642336333
0.4909396077628214
1.5640245163953486
1.239748839698727
1.386754392581111
1.0074694433272149
1.6060229291640877
0.8323357990403908
1.713927481319911
0.894857365413273
1.391642078222588
1.6033412099315831
1.0876028649506164
1.871870051412623
1.0222884550312568
0.735212060346798
1.934229437274047
0.85126769091623
1.6385839294355131
0.10113136661687783
1.845576928876881
1.256987597222829
1.0430722711299523
1.7314359264590236
1.6600598490152723
1.392580926413924
0.8212914248657173
0.5420456438333936
0.2480048529023362
1.2049950063634842
