0.3841275554367556
0.5890425720646628
0.41914583233248504
0.6954672807166316
1.9774605288855422
1.5917596073427518
1.2324866133622643
0.5596353845950905
1.9386539329591752
0.2177558919496012
1.401582044888916
0.8578509931557199
1.2690787893760054
1.0237824712190258
1.2643561475140088
0.26746043021026544
1.4410532424562406
1.717772488700052
0.4115863598636982
0.7014000487991816
1.4237842922165576
0.9757021111728696
1.9963773338942965
1.5031871940280377
0.05781571364464
0.726732081141527
1.5502856071875022
1.7143990743784259
0.3751809852764718
1.224172245902793
0.7364743369738584
0.154634502940739
1.7280321760536252
1.1296853057286693
1.5240213208119209
0.4091422625919674
1.6880935887298665
1.2699410219271754
1.7452823898830379
1.0761180936537342
1.7480696583421351
1.657229068245626
0.44672219399828617
0.7789208268895766
0.45885785760856734
1.3551815048312568
1.1097254528694167
0.08385530891202242
0.02260345252103324
0.626390013902475
1.4548665753875114
1.8910518575054875
1.7172083052803635
1.6763637951308525
1.858611950438203
0.19261119769786905
0.29358038036844825
0.46563657615865583
