0.3626515392119969
1.6847154778281848
0.2996430420612679
1.6422957805800835
0.9157438592443126
1.9829155134445018
0.6421663238061437
1.1195459271161488
0.5318585696556877
1.2999262851947964
1.1920984908779118
1.166966460115467
0.732826337598528
1.9476024172313418
0.966914412785874
0.1219396397302912
1.8684209751423073
1.7078410091448428
1.093047013244937
1.4599960743782074
1.1057600822344589
1.9543182303616677
0.9929992490571755
0.2972289995327033
1.964198968647875
0.245037076070731
1.8484441362377613
0.03461507826064247
0.5143159672187059
0.6488538042495846
0.7326921205609045
1.3088166090758935
1.491360300179525
0.3959635800286212
1.342476946865224
1.4134277568069558
1.4538330887909106
1.5171364538993872
0.23020569023112492
0.7920306600255262
