0.053641632843521414
1.1976983256289624
1.331112247162742
0.10512428391306683
0.015721228233764872
1.3033113153130853
1.937703880237747
1.6503982563117732
1.3483632533992118
1.1193385565573761
0.4304968205672388
0.47447535884819025
0.8165778268553754
1.7089573561717324
0.82655721839014
0.646178178851522
0.21916662530180098
0.5422292212845932
0.2918188425128099
0.37909017611405194
0.9058355179261341
1.2218777548448676
1.994109516821125
0.7704055297054762
0.49782859673143776
1.9495711875331891
1.4311807805521068
0.635313300466466
0.37062694529644435
0.24379484555318864
0.8221182079679181
1.6958204938474766
1.3700415866382731
0.5682307649188565
1.814552327295592
0.7336609726952639
0.2870557663481983
0.8534106933134495
0.24334755784624384
1.5318868838034354
1.008684879737047
1.0164966118418772
1.088127396907347
1.3194983425411855
1.5591507389969963
1.425991780854054
1.9718714488083324
1.391656186333654
1.7085616289520682
