1.0803151867742455
1.0544244635406907
0.44508595235152537
1.2445678252313117
0.3038930071053665
0.3581590389236875
0.6977234571616631
0.9019159802613541
1.606208844387924
0.29699630520122833
1.1541087785487734
1.0325918440305157
0.44669836497587223
1.8404632528385143
1.6734244806850471
0.8445561104476837
0.7640202962592131
0.3460568117798699
0.9607763729612655
1.2871159332577338
0.41685538929853694
0.26551393167515425
1.490289761306549
0.22947620580546335
0.8679263878416386
1.6660792586082813
0.23663425397169036
0.43254696681207605
1.329329248752524
1.0442161563417716
0.5849069818535124
0.15498128133415667
1.120658871327847
1.2845080446845452
0.10664454011295987
0.15884918861728936
0.4726060955946463
0.9959701219923982
0.30066324849656656
0.37389247980195384
1.2124387942195654
0.8303394290994124
1.899412107120801
1.5473311584578293
1.6453767353454385
0.23093157836272393
1.270227575216479
1.6481054278094724
0.5381537100417222
1.539550083497304
1.2374787100901692
0.9833444803918816
0.24237855936470165
1.6938357490330795
1.0496657270903427
1.6694581637624002
0.10304018805271564
0.3950600548363119
1.8432016016858688
1.444408176417956
0.6843998898644617
1.001205832820855
1.20900803453199
0.8283307768892936
0.06367049884945652
1.5269015666409054
1.2343443996123549
