0.9959077544833543
1.250436038947007
1.772029550925426
1.2763672024434154
0.9847904879587621
1.2837150125649166
1.8404200679614813
1.0625155996026159
1.067838620864772
1.5450874332237223
0.3116519957029604
1.5280919460673772
1.3896635165429752
0.8022232677648673
0.12968132551408784
0.5928021382362143
1.745018875260926
0.34384758099686286
0.41941857223494683
0.6608981912283118
1.6856453307998538
1.8229066826110971
0.5734854626138421
0.6273371464465796
1.3801327770860632
0.08507011528582886
0.5398558299679248
0.7081783278987381
0.7028132869464123
0.08783983560660857
0.4238058644937954
1.024945947825389
1.4046025637662685
0.1161713463172438
0.2792436520292956
0.5198963749346248
0.04736333713101626
1.016409420643062
1.1046416564127828
0.5147379886107086
1.9558945189304007
0.5568761385948662
1.9710570553855087
1.0852830382270224
0.9530341666154114
0.5830990175157753
0.17616147132919213
1.561458982959015
1.263133292487276
1.7132993183711336
0.39980922827543974
0.861483464399798
1.3909861136008157
0.2536035279572504
0.7958256910779289
0.012947744969900032
0.9719928291502056
1.7693385578226861
0.23165930477886265
0.8001200570693463
0.18223265541727818
1.675265533112341
0.3496395119000608
0.3884031711174174
0.6518538625553196
1.253101426594705
0.15731600858984507
