1.2397533624776598
0.02104665892694557
0.6976668624397337
0.8167063354225217
0.6203981957262004
1.2628898371425348
0.36589777089995046
1.8711199305492663
0.6449792549958944
0.77952828329575
1.7957629045755632
1.0689270858269726
1.2780792312464424
1.638786411076985
1.7706306122270012
1.1821905825173893
1.4073228090896102
1.2154854333899459
1.5972041826760641
0.9326191406092041
0.37323245875785416
1.4770129278727437
0.015726205723481712
0.13138888784460168
0.10767164869145063
0.38894336654845585
1.2541038227556411
1.6305056499128328
0.3919725675818988
1.4869804493699879
0.2316099872084707
0.5684121407894165
0.4890829054440773
0.8369204870297002
0.20390097094443593
1.1660484387563406
0.5544715246728651
0.7416681833874099
1.6546803929738338
1.5624446846888098
0.31361494162234527
0.7899931513751781
0.7836832154109699
1.978580533822082
1.6172169375793586
0.7471805077778217
1.3721896180697564
0.05013786673734488
1.3567134061976152
1.1577148705120779
1.3601304364940194
1.1760992662751226
0.6349349846504855
1.8183930804686175
0.4668797071034323
0.5117035953835596
1.8338928770356833
1.2425470132946304
1.1151647794376003
1.9008011566199015
0.7567329498531477
0.16174876073513245
0.836208063200151
0.38790891268682026
0.6576898140783176
1.7344340810950207
0.719190508538881
0.9946392747695336
0.5591156674571605
1.4434718133268385
1.212381104134801
1.2498184513680721
1.625956260089323
1.7304651882499176
1.7172171882577456
1.7342654595106732
