1.279716246187585
1.914074048511389
0.4727572750139726
1.8652420679815571
1.1699506067119994
0.5421634785916942
0.21610084165360055
0.9151195951700188
0.13662468068261013
0.33519921611740555
1.1963939984309606
0.17593988793307158
0.04729680745823561
1.7612319338762967
0.25898224420882565
0.9429714546055594
0.3739661374283578
1.1584670504156929
0.2559832479388966
0.27123515547606525
1.7795268834609637
0.7261582057298894
1.868810840566805
1.616738806898963
0.3778006922222561
1.9936596642380304
0.9484226193829124
1.9516025126451053
1.6872065028528387
1.0156997199252373
1.7450719162306036
