0.7829332533630367
0.8350721841554325
1.7088510925023934
0.2830399196405926
1.721286311394802
0.3835829950734815
0.6318816641105167
1.7287307505080807
1.5439618942702444
1.8486743625748394
0.803869358912721
1.7797097726372724
1.4327331895404338
0.0810348455295169
1.5945335732609953
1.9003609604104512
0.2961356799694501
1.8462639503980247
0.02733069056365789
0.298113964355728
0.1227246169287719
1.1187003098462847
0.22374653166649816
0.2631006418939763
1.1159160448188503
1.8054548336047547
0.30908329018967384
1.0250595924945616
1.0184524317542536
1.662420744160312
0.7903028425066321
1.2905507872131015
1.0808984649774946
0.2667302049377782
0.44479636643663323
1.2069895783391522
1.9154382869794944
1.7050914588835453
0.7942976850716077
0.6374627595633533
0.15188818392035186
1.3138609433496469
0.7097368681530081
0.7984272480908978
0.7733622654817252
1.8029753915889994
0.5096339544328754
0.40158284323345894
0.34164135870604406
