0.38337441527281957
0.832977825966752
1.86596743280084
0.6664158880510613
1.7475361607294952
0.9430132139779421
0.059628172107452304
1.2913122519559308
1.294654688979822
1.237461924157596
0.7553451223539072
0.0745255067173769
1.007818770532305
1.2474986075268273
0.8896646803110708
0.6174454787774946
1.2751270743113725
0.6275575805037521
0.4923121304239326
1.592176493062191
0.8676389456086713
0.0034999742773540454
0.598137499911108
1.122567179358788
1.6010033733617064
0.18508784068789597
1.6065044276745608
1.0991151316465424
1.4932002511515643
1.979715487341866
1.6362792296983555
1.5983157848288796
1.616645207562323
0.03203917802847034
0.9177167866742488
1.4778901426284285
1.9960606113069739
0.053627660470736416
1.725807916121156
1.3335007991512473
0.919802254892089
0.7264390561401117
0.002017749707280192
1.5278942452385715
1.3182591467812825
1.9325009176851387
0.10831392830419517
1.9123250349837684
1.219571278539466
1.436685718349067
0.3201907690977066
0.5227286246638152
1.0978518860704853
0.7039551883308879
1.7971084157140211
0.713120815472335
1.4449965440510604
0.4466367229454833
