0.3593400956884749
1.1330458410502104
0.9752692314994253
0.8112695666873639
0.46397603305749424
0.6136373360246861
1.2252811906847652
1.479163049741572
0.4460268597434722
1.2695602203960217
1.8072693069677173
0.561260421467213
0.9905399961662944
1.4036842110023109
1.9790901338549753
1.510958708133883
0.057838851186188034
0.8130536897492884
0.7870821259047251
0.6710778645477471
0.516198705659821
1.284797300868616
1.9637271076325753
0.29016328814758285
0.21894258061906813
1.6397222910981895
0.024501230602543167
1.012646142841536
1.823813416388945
1.1861271950454935
1.4356086138594026
1.5204702168157933
0.005938449244811572
1.8622959018649219
1.449363229403101
0.2525586400376749
1.6213642582696393
0.4515221342676927
1.5560775854694135
0.8182399608971238
