0.7756697632645277
1.6649723475415819
0.45727459056943776
0.20390114771740908
1.1058282243035662
0.7477405475194097
1.116125401393382
1.4710933290782844
0.19669913409831263
0.11295369151280932
0.754305014781989
1.5550926046395737
1.595090697549177
1.539935003684349
1.287787931214102
1.100171903231883
1.5153015917919173
0.8040652558786201
1.887816281416542
1.951034403063542
1.5327568948792702
1.9044642287093096
0.36719102324945574
0.4469383978469801
0.9544357508725914
1.5261082741372434
1.2988847531366394
0.12206720094655665
1.8277266923523574
0.1036419809985798
0.17777346099063474
1.897342865152829
0.39247785958901993
1.6125230341188814
0.46760030971419564
1.4761244451825717
1.420165112997291
0.4886682170257819
1.5655746935654231
0.9749769789608451
1.1307169501215597
1.3442094826168383
1.583741133276034
1.1600223258103992
1.015565927761478
0.00826146036776132
1.8180771507584255
1.2798260838194997
1.7304716268735643
1.0521515181237557
1.4114876069322997
0.011750833930463056
1.3151749790521818
0.5818115159645658
1.4737341946130789
0.5977159669337451
1.5979609280220166
0.9249774542701226
