1.3958444532206378
0.2442793318605636
1.806479751400866
1.5792681657606713
0.15895525718698744
0.48405919816468845
0.4312908379497067
0.6051880624733381
1.1111311974867415
1.943022966665645
0.5776090732897403
0.7225221835455962
1.8502906378161086
0.6791295012482497
1.540995910862808
0.9235409924987517
0.8330310583360534
1.3050942314085652
0.04721198129741744
0.10888255616450815
0.13482646937065024
1.99585260391274
1.516091433833036
0.993832403343315
0.3741760204509128
1.2478459218484774
1.3422196824587398
1.9901717355553963
1.4679032607361293
1.7227690224229653
0.04552561755284046
1.4335103680501198
1.5894316835761093
1.9085087302125503
0.5621097851965313
0.7604119187635816
1.1118757284082732
0.9100182502662149
1.7842326668429256
0.16152893482492026
0.1438324151392445
1.3570072679808396
0.39283667960631075
1.6360518121309204
1.1520519055552123
0.9712666335230318
0.5096510563369292
1.9973645296797358
1.7370011156940564
0.027153652659931637
1.452967125982949
0.6791953335338503
0.1629508533447197
1.1380711736292932
1.4025184552716699
0.9392365268845424
1.932507930678506
1.9752004434759258
1.460641230755348
1.099503960495698
0.1613620387721948
0.00542341473763619
1.8745287344696386
1.7833018572476194
0.9605898738022529
1.9735694769476138
1.3861944631936614
