1.9411179837112473
0.8179876338751746
0.5765217015660489
0.8918919150618554
1.1434962363470031
0.968378282981647
1.6735464220023042
1.037788980070248
1.3579294871318703
1.3932712539874235
1.283350192648498
0.5357310454299995
0.09441208875245355
0.34773844485345373
1.4252833260431985
1.382462440300133
1.7781194483584613
1.4298128261316907
0.6817384565370701
0.3633796779554612
0.6502561582328283
0.1732437766897692
1.6456891823387036
0.49113746742197684
0.974664646131723
0.026778244332408718
1.6110591854780294
0.9966578336805512
0.27640998054953947
1.7262589628198084
1.7947464937760733
