1.0981036261366777
0.8631400012311436
1.6764447165241467
1.7510455222684373
1.0497905219386205
1.1946170501709474
1.1537879984646007
1.0510503501026425
0.818332478654213
1.0280973657134975
1.9693025507321416
0.8603923559610145
1.6486867842906712
1.354725823749655
0.9843046767357366
1.8063421384866802
1.0149668663121068
1.686015080004192
1.0487287154968752
1.9348347746426278
1.186008407368854
0.78485650352021
0.8377248293796082
1.3303522134946286
0.09778300779430893
1.1334401981661446
0.5643779245827609
1.031959914328021
0.43635259199101917
0.3681341927322688
0.05242008808002785
0.7407039944669633
0.12536577637882784
1.8230321510379426
0.6210518843497486
0.8403216720588063
0.409621942871254
0.2178973047149051
1.3189010086213542
0.28859696166445925
0.9940073483263996
0.6805825868626005
1.1086988401576305
0.7235386482566142
0.8387885412114269
0.045655967102112616
1.9135547246255737
1.1652427672346128
0.8510115547467927
