0.9686819469741064
1.4432797662564432
1.7938539784164456
1.959501674729958
1.027023379058432
1.740891603374651
1.6910981366130327
1.9672912065679489
0.7213546547855407
1.440381735436548
1.6374508996220962
0.2055690651875044
1.9340532337801384
1.184597847054829
0.9345817050721843
0.3198825279463753
0.8563783887558878
0.46171390170234483
1.0515981952210298
1.1078546884131835
1.2264424482672784
1.247090212806723
1.1773934780857784
1.0068655039451433
1.67817154197924
1.3445153337968527
0.6578000341092136
1.0584914821037597
0.3583912497490549
0.2795326138810408
1.787214156688305
0.3727841520671733
1.5982906748528949
1.3621212872901078
0.4860317384361932
1.3086718911327853
0.9201119753166092
1.8685187850716232
0.8971950814952123
1.9866643894355898
0.6731886403929539
1.6373996076948716
1.8379325287425945
0.8651104877095817
1.2708898639062172
0.3322009827666248
0.6101235556536388
1.6037210614579962
1.267926776137052
