0.2811895776343256
0.19512168764336035
0.3149684087347451
1.493623063829324
0.5048008327552735
1.6998183447109048
1.6907812563227727
0.5168839235549627
0.11984896145736723
0.04397316529592121
0.2699075780676523
0.3883736363740482
1.7533115943800817
0.8684591242013147
1.246522693503604
1.6561472214055923
0.07988160734791272
0.4577125761023977
0.00888759727667443
0.04033847359762799
0.11686388677673865
0.5867521843703885
0.0676732865013272
0.41359180147341723
1.0065986389307797
0.14913213314989004
1.4325454458003546
0.24427338777984797
1.83987805183666
1.047410025556153
1.6978960454366505
0.5027353036360469
0.22703205002541882
1.5247285446642147
0.9426940193790787
1.7536151103626318
0.9716839004257927
1.542556016797394
0.9797884499920535
1.341575836814969
1.5460686303758338
1.886210161193
1.7062320093161292
0.880187798001633
1.6678397732143702
0.10943449582516562
0.596650972605417
1.2599370709739306
1.970152366429338
1.1511862616734754
1.332552791205031
1.3553087790219758
0.353225704353862
0.787018103939157
1.7779945669256918
1.2008982049762347
0.10099978878314975
0.5744491674002314
