0.8343536861190013
1.531166377517581
1.7752982100390002
1.743733275075059
0.9868064713145643
0.4711955039904536
0.12393694572983893
0.4779295014262517
1.6474311390090217
0.4617412351611212
1.1769677540883068
1.101461424386112
0.9447772580573748
1.020560534106583
0.40202154026645776
0.9434294525080515
1.8469419327678365
0.7056776375535447
1.065957537763052
1.2465894371843538
1.534886208557399
1.3423157896995281
0.2360849369819511
0.49890481283435806
0.49255116765414364
0.6454670953243844
1.2539238379866728
1.710543416305018
1.1389399268286495
0.9349153613707091
0.5154436970797738
0.8397562845393263
1.9355616380840686
0.4522391338208265
0.868791955624582
0.3591206633554882
0.9128297453815724
1.5450672763364226
0.8161030575857637
0.8693877101013667
1.2497365002643006
1.0278012624461144
1.2613652515905076
1.328399605965954
0.36611817147028525
0.6958470575220077
1.2276142603956552
1.575837482421222
0.5270219402871783
1.8177254722392493
0.0071094584330739785
1.1597944791936605
1.5631463233817304
1.2145087713239109
1.4859048391292502
1.1089820264416117
1.6066419013659012
0.4691965964896312
1.1165020160426131
1.4378117731477156
0.7847259947368581
0.03927734339097366
0.05892990097841366
1.4019323562150245
0.658090226055462
1.8454448136584576
1.8976011343969454
