0.9498862977451217
0.6354565943877359
1.7418344059777136
0.04380873009541686
0.08774721565054033
1.6537779407604263
1.8239132332197214
0.47328579116897673
1.5540053983166797
1.546848593960962
0.4841120251795634
0.293185889339846
0.39659623675382427
1.8778461284698862
1.4603325021900342
1.9289065388127664
1.167147835083568
1.6340756248663921
0.7857199232196064
0.3547491984128275
1.7059722443924499
0.6326417547360945
0.38598200450492115
1.8846740914366715
0.9392821359195569
1.1620185595229913
0.16761881401157952
1.4959055057314767
1.1323857102173793
0.472510483052865
0.6348598547929796
