1.0626194050210214
0.24088379706047558
0.32799300543675836
0.553005240599393
0.9834721033630895
1.4698713100924476
1.091155820397975
0.7428875611203245
0.5462964361128093
1.1208783232560604
1.187826505018438
0.5812632981119714
0.6606524367314393
1.1148870335678134
1.72263157536557
1.0271190582496312
0.24609980420081534
0.24147398221681593
1.3126755616895749
0.21642878981975366
1.3214653354961792
1.8780358117902982
1.3706342406227132
1.5865421370605755
1.687026394721622
0.9715029527031884
0.5850820057171284
1.065287902578794
0.8570249466269337
0.13696467003481771
0.4408268310624206
