0.8633907296892338
0.29098934107884444
1.786665290233425
0.5188829053333439
0.6879664190427497
0.19760463612066959
0.5360301307942148
0.7771061335277492
1.2368777890176519
0.8788767280819205
1.4204456469640472
0.16217282423852186
1.7233970815909774
1.2585910538497167
0.7897658762238331
1.9357046247366765
1.3615157271145812
0.275770322619735
1.5041252724649001
1.1754208063919789
0.10032138228419418
1.5664844943421259
0.44891804055934115
1.2847276480701901
0.07384057264737143
1.5470280960942917
0.5668556941184533
1.9553866496808845
0.17096056165206308
0.11003902913033059
0.8147719827238555
0.29666516089994444
0.1203552516086841
1.9829899156749207
0.7471298128127395
1.6159158809331218
0.5064852326978024
1.0074300757705763
0.1424725543003471
1.8385718249897316
0.17792510912233972
1.1246332843119378
0.9635283797367902
0.24753026540947776
0.29901501353620974
1.9953202238461767
1.4528292795692628
1.3309711910582136
0.6584295477435633
