1.5338391349203584
0.2298678251046935
1.9120489673139534
0.7097214080039516
1.8494009464440317
1.2436703184904712
1.6197345177363593
1.770510493458588
1.4947733682413924
0.6750878699734475
0.6942517905902741
1.0620017324761872
0.9453714056698983
1.3498705514199485
0.27496939424807376
1.862496876707607
1.5737080677941715
1.2056405990386732
1.4778712113872334
1.872634809787888
0.0805538962106529
1.3595093538074257
0.16155889664602618
0.8396962443777096
0.08159305083699131
1.7884640529217326
0.48017945495159564
0.6458695027372885
0.1709408000516719
1.7805075246472115
1.0647459881463468
0.037565527062234594
0.6295173927076925
1.4333379487994522
0.3741319771024476
0.3612557768068685
0.4074906345790117
0.9587974757467328
1.3415575316795803
1.2860498896319
1.6622231024925571
0.9749600062395314
0.4800504697872503
0.450509054301079
0.6322815499049086
0.8907626098127244
0.07532145916599253
1.1570003316964077
0.7961133813154246
