0.11266671300498787
0.11874896182640438
1.1866500752998306
1.2327390355711558
0.47367649195308204
1.9741999968101434
1.305722022335671
0.4355625916254984
1.8050593804274033
1.296870328119494
1.979003546038291
1.5211038771602525
0.12611000770514114
1.451841534801615
0.6609190175611142
1.5901907653781535
1.918914807906027
1.7126485740131034
0.4937728844548319
0.7736250353839065
0.3871440714736507
0.8556317497362027
0.06111810692453368
0.22216630182294628
1.0617710317854163
0.04622098005932873
1.9334497100320145
1.8756706010213637
1.6865105888559206
1.83355305667778
0.2639354704594532
1.291785762337243
0.3846299806648319
1.7617489962024875
0.4626161071437904
0.6890095924505455
0.9861501372457973
1.0955848313351382
0.3920326215254697
1.7911442442236494
1.1770736350001592
0.599958551537759
1.317210176321988
1.2425343910740851
1.3980965725897714
1.3161969924145556
1.888830328862329
0.8496175792527039
1.0071014257117512
0.8800916911614527
1.9606587280917234
1.1653731748861782
0.5002948676861085
1.3663724764518146
1.0601806428131075
1.986124661464737
1.1709536830673124
0.5885964161965922
