0.4604769117170817
0.8994643120711969
1.7937171618573653
1.2318567983470352
0.8471662014986885
0.5730426896619374
1.6461524394138634
0.7570270373581471
0.1201285397965246
0.06501114166139521
1.563965939558941
1.9323766257299924
1.496711048373741
1.4134122565966662
0.17864339862287792
0.6531310072968797
0.3292884930639586
1.0779617605430967
0.25750490197015985
0.7856226819663066
1.0430299470443614
0.10549099437736142
0.30844113439989096
1.4522950298647403
1.4510145624969684
1.1340130902685837
0.48707258262366704
0.5495777583662864
0.16785946862901513
0.2571525029558237
1.9350745493670125
