1.8736360477506335
0.058633944326079046
1.4187988417485515
0.18949821612111384
1.9185853741729386
1.4730880289059538
0.5387806303629556
1.2982490395740305
0.5303536564108384
0.7245106024471983
1.4640279945743608
1.6468594435003197
0.17069501842204327
0.27707796065684764
1.7258510812275873
1.2617767533819264
1.2712451001602876
0.6302955176985483
1.7417977631525954
1.98437949669432
0.8900248104033746
0.09916492123247789
1.9195385644845735
1.751102909697174
0.9074918200486293
1.1741453107180129
0.9107769438077975
0.8913956476029088
1.6696205760590437
1.0738163626444401
1.1529946709688628
0.22751065292256456
1.7164160679709584
0.08711699893193892
1.4273561356339717
0.5589232562840722
0.6102214656674811
0.3016969966045746
1.9464937241371558
0.000176947787716486
