0.9817324939948384
1.3278444829711429
0.6932177566174893
1.0573572141091017
1.1142835299047857
0.17340737109340454
1.5472071375576304
0.1142301824745311
1.1740795960111936
1.593517503865384
0.3273617350275919
0.12425856510795263
1.888042850373592
0.03151839333694939
1.6626844304193678
0.6481268266494022
1.5559553153179566
1.6608141006429453
0.3031326386137607
0.1325997289608858
1.7949844273970221
0.4032242401755983
1.1058805451869622
1.6514749797476642
1.8216507771371067
1.9727082542729928
1.3436019236812835
1.388578427006232
0.15995165128592959
0.6069976565845092
0.8633082912661147
