1.2337620431063043
1.8946847519482346
0.03440254275651444
1.9770306484282076
0.8224375570517712
1.780273886631524
0.15215128467957717
0.1071389493889332
0.4923003120991125
1.9902067612832415
0.719808585479988
1.1677739317464702
1.500975317390984
1.7592218676490563
1.4191712418155578
1.8565328442861655
0.22798224299209702
0.9096908774810926
0.8863494228507842
1.2124993621532982
1.9436044580465195
1.1557312224926983
0.9736752904477308
1.0422160750800389
0.2768602937720761
1.5894394357303332
1.9044854838264986
1.291549016216766
1.60162302821672
1.823769921979355
1.456331366462524
0.1508733638489077
0.5383629743855063
0.9405975128760962
1.10031134923508
0.6189916476011166
1.6001787747417326
1.8234241637531126
0.1282986662389516
0.45270174771759963
1.8633364403092818
0.47577556638034313
0.1380271634926924
1.740109379873609
0.05185572000363381
1.314443766581821
1.1997875106125235
1.747201056261027
1.9462917873158312
0.5338117507316391
0.6741062210632167
1.292922271461169
0.7832763091294401
1.751189397136276
0.9263711727729564
1.6981150648781598
1.2806343406876173
0.9288099853698473
1.4683240683377314
0.3723205596011048
0.2637578877972495
1.7082878532877732
1.668189179202229
1.457217813867837
0.6590071510990176
1.8344917654874813
1.4988221592202624
