0.4615803514947112
1.465144870302022
1.3311814694128237
1.6822457271551365
1.5426893870731946
0.63912766637339
0.598684624202594
1.4738543388125644
1.9984695385254732
0.4694943481005418
1.8534504687575368
0.1754823748963923
0.15241243028247586
0.3512000908474411
0.33038560617967105
0.5109801273994128
0.8352003650428852
0.060897028869558945
1.0876622378614877
1.404918663675077
0.7071634287668065
0.11961831765728403
1.5723701064249567
1.786552701569006
0.10757701045663914
1.6336327781282685
1.109447912560885
1.1056258413656082
1.0364097937225059
1.4115141000773361
1.1685937875036592
0.6534585018001113
0.819353589894777
0.8872318902182768
1.858179372730179
0.7172465751520729
0.2459561250925999
1.6626272323531195
1.3899170439832833
0.6675196442458353
0.9205142618688589
0.4722101403258758
1.9440692892950597
1.3333299387334456
0.17133700844538335
1.871862535540037
1.8317166082721692
0.8725016459505204
0.45356947862683183
1.8917219002738683
1.9425729596834813
1.2715966572898711
1.2428064483969252
1.755991458575576
1.5730992436911215
1.4866026654080962
1.7114173099990526
0.9408631576896487
1.2166379975338697
0.7282749225385268
0.5234549498543628
0.05975016297885016
0.8859110297177031
1.0773785217681606
0.9282794290190495
1.5158315233277149
0.4265222118108829
0.3059385482913237
0.9573060224442855
1.1383589270731118
1.2784762000845933
1.111965553686519
0.7336748333635943
1.2181173387564983
1.090968870642667
0.30993262571059077
