0.6628209284469859
0.0633641126468163
0.04465043669293012
1.5488275275753605
0.09947255899035179
1.2162650740341991
1.204046557375961
0.4285480617052331
0.34817203652194095
1.7598257040987622
1.3073184996933054
1.3305709084128172
1.3693467420784895
1.2587719712454253
1.552307243075774
1.7811619482103436
0.24127943151523512
0.360773917914325
1.2894040995853602
0.8396761564145603
1.225408036751293
1.9572848191482488
0.1885341497854851
0.5971251253047547
0.9541396000229598
0.9069045681144625
0.5708066320959677
1.4495138032814174
1.7043885810618438
0.6831858751870046
1.517930426353315
1.4429161708146
0.26442253299333807
0.3510235310776384
0.61614311890914
1.1224685356235207
1.4964560279904262
0.27147163562454946
1.3214647160373478
0.1918803133622422
