1.52866316480298
1.5140373731357624
1.597968074276781
1.4010029814305969
1.8682036076445723
1.6796795769951118
0.9678715372613085
0.12846236928929944
1.5323568601539708
1.6753807400624132
1.207786221701277
0.03975641532286689
1.2954542573100354
0.42987817138708184
0.22788627520160532
1.5164256605240691
0.005457388008189401
0.8711531582092262
0.17852459728270098
0.7658155188565892
0.30349737949850386
0.7040506471136534
0.14578464799779844
1.40462654380954
1.018242564055916
0.4615803514947112
1.465144870302022
1.3311814694128237
1.6822457271551365
1.5426893870731946
0.63912766637339
