1.4154496012553341
1.2001406230981053
0.18703884534709037
1.49195939603936
1.4908761173984266
1.036906010295033
0.8976063241600687
0.004489043862506925
0.46965941773233233
0.8902211326583811
0.7745931877775218
0.6960322919926796
0.38450170105922643
1.2893299227610346
0.6654187134057392
1.8552068193591484
1.405279555954254
0.44429542702666946
1.5067490084300275
0.29268945035669613
1.8395841303427218
0.48498201266512897
0.08968065773370615
1.4175548108793534
1.002088240093856
0.12982287547743754
1.0144318575678803
1.4419827359540647
0.63696806020338
0.0999402174315911
1.0752484161238285
1.1821862785165864
1.3185224481468616
0.4508071537608078
0.2871470506242879
0.11115384818510465
0.7688547000947858
1.3471647160644231
1.5069100325717075
1.5155977897812334
1.4109447603551502
1.4356753904777535
1.4397271908864173
1.131201444678847
1.701118440241765
0.1162168080238053
1.4818117329325426
0.07365097969227419
0.939337381664676
0.49804983255152013
0.6660944142306215
1.9083988389567885
1.7183460924577578
1.0340922970063704
0.49959307190134217
0.04598660672824062
1.9849992744114302
1.7150171790626447
