1.3106611839390006
0.4713377462447905
0.30191530305147696
0.41620700878198313
1.2749745193087794
1.2846207624125916
0.8871609837475778
1.0901967636645407
1.9506863602384872
0.2570113140024972
1.370358140462574
1.442309262530674
1.0005771285582337
1.7194479694778098
0.9404290499131971
1.0834867951637577
0.7050420087057394
1.677963786712001
1.274707168328184
0.360062934230454
0.790605268188171
1.8937515787682386
1.8710100517570152
1.2023054506042663
0.9889583895478529
1.3545025555555794
1.6175899856215894
0.9177440819659912
0.9404874216576817
1.604942320465121
1.6350370921987505
1.2442086657073763
1.8149907161207568
1.9699306543844668
1.3829413512037112
1.4614133558461901
1.424586234502701
0.7008677693442813
0.2124679955780251
0.33479219314462005
