1.6592669624544532
1.7012735414421867
1.2346940262917316
1.2227272213128995
1.0704773828537473
1.475457484146233
0.023269474436922177
1.0081900324928328
0.8953051541151207
1.1926822338531329
0.6438025174769519
0.3850611642519639
0.5242835499951366
0.6248587935410388
0.772899973661608
0.8183074465284661
1.4721506298509173
0.9965789794035875
0.4373186608990558
1.277871350617902
0.24042030513780333
1.230820780362873
0.6124872871782827
0.3590914431128551
1.0171403092811793
0.18255000485857353
1.6608915677200677
1.1208959810781454
0.31796419442294344
0.48381373328366806
1.6202416594076965
1.1967632230047838
0.6497159341460899
0.4143493934903937
1.5820605798631795
1.8638196055704461
1.7426441830474322
1.9347989937462575
1.509400249398868
1.877365761525708
