1.8523815422909684
1.3227456114098026
0.08086207874957019
1.0399703957858382
0.7335173829325927
0.13636403881786974
1.4880474835244102
1.8779246332256672
0.35993179697724287
1.6283623278763897
0.6432505994846922
1.3230182838405287
0.4167885988913964
0.5585371917743962
1.582446956840482
0.62343042405552
0.9609519242868596
1.39414715923726
0.43695143337187314
0.42275128116903327
1.0561419327614492
0.2088804825969195
0.10986113576434953
0.7853653745390425
0.912984505128072
1.8787468191507943
0.3083367595613806
1.0037324767436
0.8965235803910452
0.9201524637229439
1.338810813322668
