1.6547094093436736
0.885471993651429
0.0906527370340191
1.334149190968542
1.534271502145637
1.7056120389324456
0.27391759129012483
1.4174590212736087
1.6183010226126773
1.067387502459873
1.6124345238106819
1.539280757722996
0.5293981179498801
0.8652716990026179
1.9475270383431935
1.7156986834845847
1.1857746027959672
1.0863873174469134
1.9588717274644583
0.0720139381296776
1.9349196772782604
0.24484319450662317
1.6895674666713392
0.9035618140588659
1.215577357607582
0.8376031337405752
1.7320815185964888
0.19552571920095163
1.7988736731972734
0.8455494608301874
0.2671172223001177
0.763205245825807
1.0154642337541802
0.7003850549051118
0.41022721806101314
0.5521887699430383
0.866525694599197
1.419335045541958
0.5817269597906485
1.1535516662818601
0.1346844526584059
1.8282442170311968
1.8219333907258792
1.2151451629857615
0.7705322069160361
0.46446028785568405
1.2252468855677092
0.22114000469695405
0.4365983814217933
0.2400226888024184
1.2441596891983777
1.2283704047814576
1.278197042520202
1.9903132837515236
1.8759702755543204
1.8496315619953503
0.4767558753172967
1.084289634782519
