0.9562430858563746
0.17618281759747623
1.6168393321890826
1.1442602538038527
1.7084538931910629
1.5631285824567631
1.5295833288980223
0.4943962143873062
0.11607588650654677
0.35610005307108095
0.27811934699747987
1.0058137274269394
0.9794812938400899
0.9425019443037179
1.9560729098186727
0.7017466905952037
0.297817721292446
0.7099862712252571
0.19134082391553697
0.25691091843739766
1.6228954397048585
0.9997478954741679
1.1348205331251187
0.8245927442932399
0.39822617840068997
0.9573428273468974
0.6655950013744416
0.9198989876439025
1.8344513610737168
1.547881523412884
1.2950840093404437
0.12843074666055543
0.40179082104719654
1.393300308272921
1.0166968622519565
0.8954197000929982
1.5802007146889694
1.4672325586813098
1.466091642683427
0.434255564420035
