1.7561269153959542
0.692509116758766
0.3104953259977732
1.0894164026259925
0.09484298824117454
0.7563164586943394
0.7429627416435327
1.6761042943871503
1.7654265896180128
1.9364534179132264
0.5385646915056261
0.20757007509140468
1.7532342068080569
1.2358838596770352
1.0867657440052438
1.7467827440192285
0.4118487252797638
1.4553687507108526
0.9459690222137609
1.0468078771681455
1.3780963910726118
0.3477988394428402
0.6003640695792685
0.4899200572697322
1.9398149201305914
1.4732574822209568
0.030106239885986152
0.932313882921096
0.8417862194456776
0.5426242735812021
0.45637388700875814
1.5991505109341362
1.4060302616529712
1.4277929253447428
0.6506845022866483
0.9941720204770865
0.5527521240307101
0.016227192546479863
0.26548867053948344
1.787915835366399
1.5483687613519228
0.9427209040063285
1.0389299515654211
0.13594931006173905
0.8602326695410198
0.5671630928635563
0.400278613391968
0.468571481782845
0.4741982579097086
0.34580047717590157
0.7312542091680969
1.0812888458050516
1.196400074455279
1.9450523811467013
0.6322538553465931
1.6074357919369109
1.3020836083039713
0.8316175140334305
1.584467550139622
0.7564398952202094
1.5359450853947383
0.4156126296329905
1.138267139643903
0.29638846526581597
1.8311183021155446
0.97100580863275
1.2995911200201196
1.2960256874942364
1.6465902048092578
1.0421646302822847
0.16320867534430405
1.8766060444761434
0.24117993727703269
0.2977864827296637
1.2567007911512027
0.544176623983557
