0.1497305006526588
0.7389977298641068
1.272141093745462
1.4264217451098338
0.7866600618635915
1.5735664574490706
1.2656084064798812
1.5207926232316855
0.3162823619294217
0.49211535424079544
0.756565522122763
1.7977054277029074
0.6100275370218382
1.9557855409580895
0.7570303348744707
1.9618279292486713
0.8356885095442337
1.6858094231069547
0.4943700069259318
0.06668358981122902
1.1380792310954568
0.8553394857523533
1.2323481673711254
1.8388380139648004
1.093090058987273
1.6848976480380693
0.8772588885704589
1.2796216875561153
1.4731640258908842
0.0037261294093928754
1.4879490789111531
0.5293854758724192
0.7615928085093664
1.4923242384887976
0.6363013938363631
0.5677888781004286
0.9394640249616724
1.8865110580329527
0.44330202963490484
0.10249774638304565
1.0615838984372092
1.6910444902992618
1.8463127837481448
0.5845592172025267
0.5802578274093673
0.6045511124732506
1.4775158556355668
0.1817569419252547
1.7751834636563224
1.0586281362974335
0.1760911748795917
1.9159656465226496
1.1242049142968114
0.042896902437547624
1.910012197344504
0.42778252698151364
1.156564687278181
0.7120859134856143
