1.509596100448733
0.07675081153694308
1.4655200198271952
0.43023061549703945
0.10137338046165123
0.27123177162284273
0.5324091272626474
0.19637614390231928
0.2558420634909462
1.8366257614165815
1.1664112545222949
1.3445258092066639
1.1294495979514556
1.688093825051641
0.12715654324215597
0.750535210215558
1.3126575192441692
1.735405432450987
1.4488914986756143
1.7728616267639863
1.7214973879871698
1.1849192760546177
1.3241024245585713
0.3037700907123644
0.6139332860594298
1.192508671492698
1.6247163726908167
0.12689569718022398
1.1087441430989604
1.2446744417281703
1.440785434813006
1.0961324494251623
1.0984598101583916
0.28029211065217474
0.41688233565600985
0.8239226090382616
1.5200569406782276
1.2419168018846474
1.4874417124411523
1.7944411657178256
1.4871936301167596
1.0496931955929134
0.4598670370618514
1.2133527883556319
1.4618841653234687
1.1292485992263956
0.6375554623733906
1.0391083179041911
0.18506882458393736
1.8487292248565823
0.9443368563367653
0.002187212249551873
1.654010468920053
0.8128034290711308
0.6811110793782889
0.9635906840676367
0.8547933005160515
0.13672790594137751
0.8083873044501573
0.5116840016418309
0.9785910089474448
1.0786466017864047
0.32945605938262634
1.8976564806729863
0.11790647536640542
1.0912322801375232
0.8886805720980941
0.004921863457273634
0.01729604102803073
0.23052106343288026
1.7574901710564568
0.21214660188937629
0.15444701483799417
0.5227364503249863
0.12927357376663773
0.31774339328661494
