1.0294387560292617
1.2680170642689497
1.6824091953483404
0.7850480346479962
0.07920746419503732
1.8002664922307514
1.533881094102647
0.9177689326779443
0.5388089112569205
0.7875445535437637
1.9487091021010756
0.3349578312627508
1.2126339618066333
0.5056207935204333
1.4691836122179875
1.7770660327085106
0.8915958153875905
1.9132227459152786
1.180708568743721
1.2739693517236153
0.8351904187934767
1.589024364015183
0.2114534511556454
1.5896967022531552
1.3906751632346546
1.2569089638304702
1.87802397116746
1.6300820570182486
1.1503628726883535
1.3848021025584138
0.7778151630170589
0.6637669879197503
1.1229536278372083
1.5069020548141006
1.7725445544554401
0.6818695415475782
1.338044112890754
0.8367180103718037
0.7485867523000129
0.009972061356790185
1.3775139861546886
1.535898659197326
0.6820659266657372
0.3210234382905419
0.607369244949743
0.8769640228844957
1.688757381971758
0.5455432260359361
1.7728200417810185
1.6019005578083512
1.2364492373159388
0.8217610370130433
1.935452524108856
0.38513445951708825
0.9063274473009266
0.7160911355365158
0.2247997172170475
1.8820887811544882
0.2845244809568124
0.5544648026940875
1.417913296214825
0.7944232574350072
0.1027018785044973
0.540447291282911
0.7329131739105423
1.628640978821541
0.44387353846563915
