0.3707530120669835
1.4454123030794896
0.24418720464292099
0.6902982839697924
0.29953892115326
1.8112941926183397
0.5257858896870711
0.585847535079389
0.028255125806504022
0.6102003083049792
1.0164663636393776
1.2275269998754892
1.8402115900288623
1.8338834688450105
0.4206611922184331
1.8884726035477333
0.20903082500169656
0.28584100681148694
0.8531220646253974
0.4507797886854634
0.10732798219631778
0.7056142138310326
1.870536067788676
1.1471805314032517
1.0603900192500215
0.539393110240002
0.5161089614920664
0.5813335993688757
1.293155041470217
0.6269850219557447
1.6104069871846725
