1.6046092707173156
1.2120558342051249
1.6220104852903185
0.709593842711957
1.866558592543349
0.5082447006562232
0.8483802038980484
1.9713417467628718
0.057946395175219045
0.24423831168383092
1.1921462196192714
0.41220780482952124
1.00670640494543
0.041853566295734446
1.8722867165879333
0.00859091888000707
1.2193025797271089
0.09282255345249757
0.9614865626913645
1.7471824855814093
0.6540291156807037
0.9471754594366262
0.6409087947819399
1.9091303438645588
1.2764318589597954
1.3398648199766359
1.2404904136959725
1.7538988838772185
0.6641945391587472
1.187430464698703
0.8383258137802527
1.4710952109778228
0.6013791751710422
0.27641593944915055
1.8633095937382071
1.5644784302733359
0.18228956880769553
0.01486842982336567
0.9478853532065057
0.9737030801438626
0.37202227210425054
0.678656538586341
1.352818967856388
0.4188106984368716
1.9785408382771026
0.8352433676280095
1.7642002676010562
0.7507392335724727
1.481214813351603
0.9483977522995817
0.43276487451222323
0.9913578143389099
1.819228302660031
0.14840369660410202
0.1785383789651407
1.4129745035486279
0.5698395251937258
0.19957741074902868
0.1775671197011417
1.2106692754291428
1.918744949327969
0.15642617991017227
1.9236490566451514
0.4195553418610203
1.4785236010946448
1.122477330928565
1.5384507900199105
