1.341738728014347
1.6092025989219048
0.9295016905006857
0.13006572080328604
0.47673169378039093
1.586721691222194
1.2413390040073655
1.7339248527465512
0.5426431508762963
1.65799598370271
0.9001871675862056
0.5681000133562901
1.255078471667868
1.3315053581793919
0.5787860661007791
0.5309490291216501
1.710005034318959
1.5071219414860253
0.9534178168334937
0.11582043518802099
1.4527471941777987
1.0159900916607643
1.6497279646798324
1.3297048632264459
0.6417962906699781
0.0978829585837464
1.0889917824316893
1.2217118779691134
0.9704038138811946
0.06233005661734081
0.25131548738793397
1.3058810328479966
0.6375912409122004
0.33270390872087985
0.956044403388014
0.435759671687606
1.460040334566664
1.4640554859894572
0.5170858478843008
1.0762865069136156
0.3900814665178247
0.03551910728684371
1.6697456455586672
1.4172262434703016
0.3474555759636364
0.12133364278792991
1.6012286653078824
1.932199204747636
0.7397208568249711
0.1747806996508654
0.6648377085375254
0.9094321131936192
0.5464598989935063
0.6113532033062468
0.8626702544278197
1.3152555498063627
0.6886823822526709
1.7394230881149388
