1.939124513315166
0.4697728052029406
1.2265015058930704
0.6550850230638665
1.1764382399156577
0.8683659226389464
1.8909483086746826
0.5603047366936926
1.632281281521668
1.0772877109086245
1.3003985175233894
1.6251849348490777
0.6444175347864212
0.6478910498442096
0.49363040049003093
1.5346847367869154
1.310598219232138
1.0981272770720274
1.9719198519244392
1.895896145855632
0.7601048723513131
1.255362912054144
1.6917793390255138
1.5831047128933595
1.78358611530359
0.23282661773836466
1.0176574844083617
0.5149203833915781
1.2789934868821913
0.8970540733169292
1.0738687117567878
1.0935496347646518
1.407896981610417
0.4884247615005939
0.02225942660398239
1.3523884119797018
1.6995977492199366
0.7907920061793576
0.23979172992620068
1.4980690761911029
