1.7484115703026002
1.037646986316032
0.6779199866907324
1.821578392513815
0.43336640639292767
1.593928442721721
1.4052019920364893
0.3326193904396777
1.230123984471252
0.2392895487938813
0.8705540500818492
1.8393676768807894
1.2787154095261832
0.7280380653305891
1.6036428331267905
0.17958662407104464
0.37767783327953586
0.5029961133809442
1.3777495430978939
0.22225042485500657
0.007100340909647951
1.314564908354614
0.12199168978788588
1.3066354703406242
1.8260543749119869
0.9647130470022622
0.9864449757303593
0.6924420913940246
1.5985240801742728
1.3068489344357208
1.5977366392538106
1.3877354410232394
1.9446973089965716
0.6105718332724197
0.014809878078517968
0.6765210144460951
0.34746724375385174
0.7726037585906598
0.25803917527413
1.0208137722433537
1.5676559861235404
1.2912076361755314
1.9619913826259872
1.601180246414037
0.9694131551193297
0.8189735761713695
0.1912818883121603
0.6163083262071738
1.6772685645110865
