1.600232643861696
0.6272646758377061
1.6990693304758695
0.9597622197602806
1.620293894757019
0.6471470878064172
1.244975110633952
1.7510949339335027
1.1476724751864342
0.08006411559818183
1.7910116478082045
0.34049011189209066
1.0349695556195089
0.3233586812942928
1.1148934082943067
0.8734065992963838
1.1835018915385698
0.47945066682425885
1.0043556018727404
0.1329528673431999
0.7135357280929622
1.840154885197879
1.198843997034639
1.796098871002687
0.9390255729187982
1.847895147738435
0.7850570402197832
0.8249896537860191
1.0991758168910373
0.08525602864854731
1.059858456371873
1.2073162269758253
1.2924944839135502
1.3265404559082081
0.2108655284804999
0.784974599568196
0.26108712577995075
1.754619096514658
0.1454927268906978
0.7519692985738589
1.002074278176845
1.198486398549925
0.6065252111821375
1.6663540732417763
0.7589922135782534
0.9680393981877784
1.470755956374957
1.4862771452039638
1.040130017639295
0.16959597100269264
0.14025412873780407
0.19877877812534006
1.8634347811113834
0.7724236445477808
0.8538483216080999
0.7278688014917272
1.7244430822228627
0.3046130111917038
