1.0	-0.14248880799259156	0.10566990575681035	-0.20419191182842578	0.19229989065174513	-0.361217857729169	0.20987113525557435	-0.1961570689352715	0.17149016830949632	-0.1952377788799167	0.23688810603085364	-0.18369343076777137	0.1765430869014981	-0.1766406301535428	0.20612479073808815	-0.2086089050242468	0.17856818287608145	-0.21522284707969982	0.22162616881751235	-0.11876271588149502	0.12867832589189598	-0.15979077456247048	0.14671537556878414	-0.20303611460559853	0.14155062713307753
-0.14248880799259156	1.0000000000000002	-0.8792921432067488	0.2610895709773043	-0.23410210141799814	0.08386629548026175	-0.11619171510776177	0.1191104828332564	-0.17813393030318184	0.14434587642541907	-0.08546763715372524	0.08661720602118131	-0.10643316748060287	0.1314323693418809	-0.1722626622033184	0.07298715155299187	-0.07370743092333608	0.08609341079585248	-0.14189044164741577	0.07634529258593784	-0.04894602039447526	0.057874127240394396	-0.0644515806803455	0.0863307375294029	-0.09012560374930559
0.10566990575681035	-0.8792921432067488	1.0	-0.3755709326517937	0.1768674522075574	-0.06739990634661806	0.09262713375654115	-0.10673798534560705	0.1527737160787224	-0.11961671802706723	0.06750505007258448	-0.0711135854603074	0.08643445138265182	-0.1136682722410905	0.13110393249503657	-0.05893535912362143	0.05892427129901671	-0.06973758016846104	0.11022458728044421	-0.05940027181664517	0.03911746012902232	-0.04672293633690857	0.05138315706779196	-0.06972813724762698	0.06876941093851731
-0.20419191182842578	0.2610895709773043	-0.3755709326517937	0.9999999999999996	-0.5021717830153049	0.13652646696004417	-0.19714843053225414	0.21654673946603023	-0.49642425239470783	0.2740081689865778	-0.14184529827031236	0.14930457923625332	-0.19119841613358446	0.26156007098676615	-0.3150204031914008	0.12304539461796894	-0.1253594909924215	0.1483870407779286	-0.25678781064321327	0.13488803775178568	-0.08245330780973359	0.09785326502437396	-0.11097036363865698	0.15003942612916205	-0.1558968401111225
0.19229989065174513	-0.23410210141799814	0.1768674522075574	-0.5021717830153049	0.9999999999999997	-0.12518202185956867	0.15258080732996643	-0.17741848239046468	0.24397411097113986	-0.6634589828287948	0.12535675252958103	-0.13025387874258754	0.15032804725449309	-0.23203088687055215	0.28386928878121487	-0.12234005385970478	0.1184966529029593	-0.15384350882628045	0.21363259313760882	-0.1287466511277814	0.08063569228413241	-0.10007122622817077	0.11019188370247258	-0.15952592585651604	0.1422684184800098
-0.361217857729169	0.08386629548026175	-0.06739990634661806	0.13652646696004417	-0.12518202185956867	0.9999999999999999	-0.43296777056251456	0.2190659407533152	-0.1486152333632061	0.12472426714114346	-0.7023100010181247	0.24227497701065745	-0.2156429370755416	0.14088155362061047	-0.14641868427252147	0.2268753236792069	-0.20296593965495616	0.1641268815158744	-0.16843072332428388	0.08267866679535162	-0.1384601889250066	0.1411873612998637	-0.11747044311792926	0.13486702303684364	-0.09859881578858344
0.20987113525557435	-0.11619171510776177	0.09262713375654115	-0.19714843053225414	0.15258080732996643	-0.43296777056251456	1.0	-0.5689713937847958	0.22022204654888355	-0.16184782785273016	0.26915832757329317	-0.4866664778979745	0.30816336048419407	-0.20231562481307186	0.17483790470684524	-0.2048544934654898	0.19485073981801546	-0.18435172444104128	0.18667209798475928	-0.09487412798840941	0.11980989746090398	-0.14320101898999382	0.12235941210811978	-0.1519713517207681	0.10788041599123113
-0.1961570689352715	0.1191104828332564	-0.10673798534560705	0.21654673946603023	-0.17741848239046468	0.2190659407533152	-0.5689713937847958	0.9999999999999993	-0.4261694770435137	0.17307007658097154	-0.22227223300580584	0.29503636440391284	-0.5135850100836894	0.24109800754990077	-0.2087888722259023	0.16127176238809673	-0.17051657489774563	0.1665203048724956	-0.2136601919919258	0.103819906634521	-0.10318539130992346	0.11860580678945734	-0.11758675070349792	0.1445317567266535	-0.11800390909344807
0.17149016830949632	-0.17813393030318184	0.1527737160787224	-0.49642425239470783	0.24397411097113986	-0.1486152333632061	0.22022204654888355	-0.4261694770435137	1.000000000000001	-0.2750228187033502	0.14474620821148354	-0.1804746983000269	0.22621555184071024	-0.5603617716411707	0.27134746765898793	-0.13205685400624653	0.13130559078138557	-0.16097669881720011	0.24791404506952353	-0.12884755567333092	0.08503246445927057	-0.10370460604091207	0.11367561166481412	-0.1604052092582211	0.13533419296336588
-0.1952377788799167	0.14434587642541907	-0.11961671802706723	0.2740081689865778	-0.6634589828287948	0.12472426714114346	-0.16184782785273016	0.17307007658097154	-0.2750228187033502	1.000000000000001	-0.12957955685920763	0.1322688072758925	-0.16166165888872808	0.24740209272619815	-0.5297342663829556	0.11911574673473362	-0.11991482101018609	0.1495063540995566	-0.2538798973746531	0.16712835952053642	-0.08009857952476573	0.09651500710539268	-0.11259499020671791	0.1565118735349169	-0.19456284163924026
0.23688810603085364	-0.08546763715372524	0.06750505007258448	-0.14184529827031236	0.12535675252958103	-0.7023100010181247	0.26915832757329317	-0.22227223300580584	0.14474620821148354	-0.12957955685920763	1.000000000000001	-0.31946323771159674	0.21334594285976027	-0.14635535312113993	0.14628319624135777	-0.40169699192565356	0.23303976104238677	-0.19716851544007608	0.1707018979488343	-0.08498741820763431	0.16718790195327957	-0.1840555621174192	0.13012819587549077	-0.15347197720232486	0.10004437628840901
-0.18369343076777137	0.08661720602118131	-0.0711135854603074	0.14930457923625332	-0.13025387874258754	0.24227497701065745	-0.4866664778979745	0.29503636440391284	-0.1804746983000269	0.1322688072758925	-0.31946323771159674	1.000000000000001	-0.6605094755983866	0.17731719966454856	-0.16096906795190352	0.21261329356492079	-0.30160880486277963	0.19182869692398802	-0.18150727169324887	0.08729850655043707	-0.12885284245365206	0.14599701424796166	-0.12763395283899737	0.1414718634392727	-0.10118968195221834
0.1765430869014981	-0.10643316748060287	0.08643445138265182	-0.19119841613358446	0.15032804725449309	-0.2156429370755416	0.30816336048419407	-0.5135850100836894	0.22621555184071024	-0.16166165888872808	0.21334594285976027	-0.6605094755983866	1.0000000000000009	-0.2627745000593256	0.18422118067350965	-0.19296501827709742	0.2040286925141296	-0.21101972599660512	0.19723135422276955	-0.09857823187645914	0.11491808913708726	-0.14013782083130288	0.12963036268314135	-0.1584264528338087	0.10988041178094676
-0.1766406301535428	0.1314323693418809	-0.1136682722410905	0.26156007098676615	-0.23203088687055215	0.14088155362061047	-0.20231562481307186	0.24109800754990077	-0.5603617716411707	0.24740209272619815	-0.14635535312113993	0.17731719966454856	-0.2627745000593256	0.9999999999999988	-0.49013990828761383	0.13650030852694364	-0.14105405682894565	0.17930774730584004	-0.46090446083263975	0.17533507413569788	-0.08976003056765992	0.10897136328292881	-0.13236731753067613	0.18731111096894745	-0.178076177906005
0.20612479073808815	-0.1722626622033184	0.13110393249503657	-0.3150204031914008	0.28386928878121487	-0.14641868427252147	0.17483790470684524	-0.2087888722259023	0.27134746765898793	-0.5297342663829556	0.14628319624135777	-0.16096906795190352	0.18422118067350965	-0.49013990828761383	0.9999999999999994	-0.1517686641038742	0.14668063364097766	-0.2024739468487213	0.2910319729442224	-0.30334006404367164	0.09912365633011858	-0.1251509266132553	0.14431762736631715	-0.2198763257620291	0.23146713068501998
-0.2086089050242468	0.07298715155299187	-0.05893535912362143	0.12304539461796894	-0.12234005385970478	0.2268753236792069	-0.2048544934654898	0.16127176238809673	-0.13205685400624653	0.11911574673473362	-0.40169699192565356	0.21261329356492079	-0.19296501827709742	0.13650030852694364	-0.1517686641038742	1.0000000000000007	-0.5956907107284837	0.24661177962248143	-0.20489418865302517	0.0934184590272957	-0.4527949467758685	0.2916079190467331	-0.18468230070588662	0.16781681275693128	-0.11546289065088755
0.17856818287608145	-0.07370743092333608	0.05892427129901671	-0.1253594909924215	0.1184966529029593	-0.20296593965495616	0.19485073981801546	-0.17051657489774563	0.13130559078138557	-0.11991482101018609	0.23303976104238677	-0.30160880486277963	0.2040286925141296	-0.14105405682894565	0.14668063364097766	-0.5956907107284837	0.9999999999999982	-0.48801305987050925	0.20250887770840004	-0.0937781629179603	0.2552214961212039	-0.3549544998491716	0.21449436721846304	-0.20831950941126082	0.11235028645573175
-0.21522284707969982	0.08609341079585248	-0.06973758016846104	0.1483870407779286	-0.15384350882628045	0.1641268815158744	-0.18435172444104128	0.1665203048724956	-0.16097669881720011	0.1495063540995566	-0.19716851544007608	0.19182869692398802	-0.21101972599660512	0.17930774730584004	-0.2024739468487213	0.24661177962248143	-0.48801305987050925	0.9999999999999973	-0.3574760987382285	0.14015516276726858	-0.179372339344242	0.19887808113719058	-0.5669251619323138	0.30036564610852223	-0.17518295415727966
0.22162616881751235	-0.14189044164741577	0.11022458728044421	-0.25678781064321327	0.21363259313760882	-0.16843072332428388	0.18667209798475928	-0.2136601919919258	0.24791404506952353	-0.2538798973746531	0.1707018979488343	-0.18150727169324887	0.19723135422276955	-0.46090446083263975	0.2910319729442224	-0.20489418865302517	0.20250887770840004	-0.3574760987382285	0.9999999999999971	-0.3309799182065536	0.1326640621763607	-0.171744094164715	0.24087792150272863	-0.4301849999753605	0.2514436523989055
-0.11876271588149502	0.07634529258593784	-0.05940027181664517	0.13488803775178568	-0.1287466511277814	0.08267866679535162	-0.09487412798840941	0.103819906634521	-0.12884755567333092	0.16712835952053642	-0.08498741820763431	0.08729850655043707	-0.09857823187645914	0.17533507413569788	-0.30334006404367164	0.0934184590272957	-0.0937781629179603	0.14015516276726858	-0.3309799182065536	0.9999999999999972	-0.0624794836228012	0.07860854954045637	-0.11408538653906303	0.1761946451330009	-0.8508052218813301
0.12867832589189598	-0.04894602039447526	0.03911746012902232	-0.08245330780973359	0.08063569228413241	-0.1384601889250066	0.11980989746090398	-0.10318539130992346	0.08503246445927057	-0.08009857952476573	0.16718790195327957	-0.12885284245365206	0.11491808913708726	-0.08976003056765992	0.09912365633011858	-0.4527949467758685	0.2552214961212039	-0.179372339344242	0.1326640621763607	-0.0624794836228012	0.9999999999999971	-0.814980933136628	0.13481437100756521	-0.13126029665310096	0.07621115930544511
-0.15979077456247048	0.057874127240394396	-0.04672293633690857	0.09785326502437396	-0.10007122622817077	0.1411873612998637	-0.14320101898999382	0.11860580678945734	-0.10370460604091207	0.09651500710539268	-0.1840555621174192	0.14599701424796166	-0.14013782083130288	0.10897136328292881	-0.1251509266132553	0.2916079190467331	-0.3549544998491716	0.19887808113719058	-0.171744094164715	0.07860854954045637	-0.814980933136628	0.9999999999999979	-0.18115888495387328	0.15122849440433953	-0.09808060879424103
0.14671537556878414	-0.0644515806803455	0.05138315706779196	-0.11097036363865698	0.11019188370247258	-0.11747044311792926	0.12235941210811978	-0.11758675070349792	0.11367561166481412	-0.11259499020671791	0.13012819587549077	-0.12763395283899737	0.12963036268314135	-0.13236731753067613	0.14431762736631715	-0.18468230070588662	0.21449436721846304	-0.5669251619323138	0.24087792150272863	-0.11408538653906303	0.13481437100756521	-0.18115888495387328	0.9999999999999986	-0.6982972115731887	0.13671541288500344
-0.20303611460559853	0.0863307375294029	-0.06972813724762698	0.15003942612916205	-0.15952592585651604	0.13486702303684364	-0.1519713517207681	0.1445317567266535	-0.1604052092582211	0.1565118735349169	-0.15347197720232486	0.1414718634392727	-0.1584264528338087	0.18731111096894745	-0.2198763257620291	0.16781681275693128	-0.20831950941126082	0.30036564610852223	-0.4301849999753605	0.1761946451330009	-0.13126029665310096	0.15122849440433953	-0.6982972115731887	0.9999999999999986	-0.2380529849295134
0.14155062713307753	-0.09012560374930559	0.06876941093851731	-0.1558968401111225	0.1422684184800098	-0.09859881578858344	0.10788041599123113	-0.11800390909344807	0.13533419296336588	-0.19456284163924026	0.10004437628840901	-0.10118968195221834	0.10988041178094676	-0.178076177906005	0.23146713068501998	-0.11546289065088755	0.11235028645573175	-0.17518295415727966	0.2514436523989055	-0.8508052218813301	0.07621115930544511	-0.09808060879424103	0.13671541288500344	-0.2380529849295134	0.9999999999999984
