1.2524671611543559
1.2854406622128685
0.04817054596068493
1.1532176356889496
1.4207113128731956
1.7021834820076434
1.9292383160721154
1.8286186689981436
1.3129359010186596
0.5935924002412727
0.2822710293398609
1.3953180939762757
0.0166859140647313
0.32505718287489715
1.4531362122745741
0.12915247315728262
1.187201506164433
1.9339768988163124
1.0959977308101845
1.5106586157365847
1.7981216886366886
0.3940904100025411
1.3265709077319214
1.5264906902549655
1.433955203861053
0.37881962723561635
1.2513399962162932
1.6086228827095574
1.1424776368656273
0.9309066291344368
0.23558929904948078
1.7924224573458112
1.9292856369266107
0.8443704502831788
1.4793484218522397
1.8883629842282241
1.3635454351001397
0.017316662462900645
1.385990822856808
1.563788679934511
