1.058613725894777
0.40813760805198873
1.4420694105477492
1.3571826318164697
1.109767341770902
1.9513754233064056
1.3762157481311075
0.10932467727707573
0.32764771012177185
0.8938215409114325
1.8572557986574072
1.67544957798289
1.5745371449176124
1.7613333681500598
1.4302351029056513
1.7145721715780176
1.5716889130072937
1.2095811764008593
1.0818716475415737
1.6510535267160282
0.841550848354232
0.1323204106638043
1.6745301942045945
0.3159585211568219
1.2107089048070856
0.20290992433358346
1.6829636742593226
1.7610903195219514
1.9006268407182945
1.4524998296925489
1.5442167479297182
