1.129218962063208
0.5142989534160649
0.012097864678639603
0.6503807096403169
1.7899194831786729
1.625590203577271
1.7453615769246102
1.2635850723231434
0.38241403565485
1.845238030744098
1.8985798842875226
0.5476748935759854
1.8902037148434312
1.9805734611423222
1.8303544603309878
1.2960546185560267
1.3589545401026935
1.076257558174078
0.5388608275415527
1.1700023874222665
1.7713957663443347
1.5284297292108215
0.13528463228210574
0.15409800070548485
1.3272618644523626
0.3455588531659344
1.4373124989990145
1.2242463836958986
1.128428344072924
1.3395915837692325
0.8056437041715725
1.4406330565027865
1.6806193593687206
0.8504942359335033
0.5300879985518359
0.5902212627009784
0.6839831492524686
0.14810829629673927
0.43894617441941497
0.45921709652775045
0.2951132967405621
1.02591016791912
0.4834904911588871
0.5001650776542776
0.9873217330810276
1.1169422300251237
0.07320109528629137
0.06217920222255824
0.2406223278750601
1.2780220822677575
0.8161461997866772
0.5873365755333051
1.1688011208877835
0.13745510362301827
0.16730518138856
0.408758610876903
0.7244277082057811
1.5109005315451736
0.7696025419235539
0.010257747785403115
1.6481061964566033
1.351657014490724
1.5084469932047946
0.4927566774120331
1.5310587204912385
1.5857893005783583
0.4103031108405162
