1.6117188589215536
0.9373229703759423
1.9620623403724977
1.998342344521034
0.6692322928375969
1.2093215471558234
0.1141063229079724
0.18741782787033356
0.5943723372177243
0.8848485199417087
0.3655729673388701
0.010181245673997807
1.4415001971837422
1.2646129200326808
0.7707671644266787
0.6762054467826024
1.7220992090227765
0.07943504459379769
1.2726527074871639
0.589595536198543
0.6262043847251579
1.0891168626929195
1.831122936851553
0.3508420476066063
1.1727701612053534
0.9316797090239435
1.2442207417316804
0.03420423609288781
1.2918503628299365
1.279172555066428
0.39854436717290476
1.2977147014810932
1.4921966790238779
0.20998115533084283
0.6745644995292737
1.241397534647482
0.2225022581079532
0.6440867289616703
1.037359820115476
0.6419461329176492
0.3677352013143582
0.44005856731638815
0.47348220868017776
0.20866995779649544
0.530806502516239
1.594205810260315
0.6087796446504927
1.0918363345876627
0.040480720969950035
