0.8224364608567987
0.8734166507896566
0.6355559738436871
1.755096711845416
1.0967876462600255
0.06031889517487565
0.09604741455285115
1.152870962763838
1.4598861350131513
1.5350358990343729
0.903073614690832
0.8376674260813033
0.9030020982992557
1.6195921070161226
0.34208843269033684
1.4104333605862713
0.031119012659109213
1.8313714014103253
0.660529068851627
1.9143713127399073
0.749138578220399
1.559697675106913
1.6896071342031949
1.0684976127665031
1.6607339708940323
1.8548213262817557
1.960946072451069
0.8854197899157787
0.150224803253046
0.33194077722244986
0.5777889456663137
1.0436861400247772
1.4567179613138834
0.35006779467314075
1.297855583049953
0.4388769104243626
1.8970727301809278
1.6522638306844377
1.978004732292732
0.19808245624398557
1.3664748276694283
0.10566586367585407
1.8211341445841818
0.053611400647539664
0.18220338151010163
0.5257968477925221
1.1641956960670305
0.28399737439892636
1.5511465911687448
0.41605675851197077
0.8936410764482869
0.6366922370645289
1.9427285941523418
0.3546785860609676
0.8631837098222124
0.6612314226232261
0.6028361905662214
0.8316437991353158
0.19527283673245632
1.5148699121892273
1.1567658801499547
0.6166465419611185
1.1462283971641871
0.8146282879331737
1.4138814981341095
0.9451712634637093
1.7573187509666193
