1.9739760318247312
0.6661235422923553
1.5784940282171989
1.8598699267144312
0.745017909150516
1.1362940605147074
1.5134943511804821
0.8194509736108633
0.9047711862019785
0.2301965619566091
0.16797782867376876
0.2351777744089527
0.505057229408945
0.7603098470659728
0.20302594657603157
0.11341393631188668
1.0609486861121162
1.2166589344338794
1.6500672775048866
1.7035710909272321
1.1229200290772567
0.923168300339904
0.542396977816118
0.7847019795471839
1.6395324050585103
0.2511962666975758
0.5769703313602657
0.32497735527086036
1.0099231043762824
1.9651002771404689
1.7170933138192344
1.2176092359971582
1.5591714812982183
0.5288016802771489
1.3072742987736108
0.743942945680871
1.73189823960089
1.5484746679540042
0.9328509942600225
0.5036941584069816
