1.0000000000000002	-0.7176411762700718	0.20653456212258414	-0.22094292034344987	0.0781533072703553	-0.504769828560309	0.3095475252054628	-0.1690342491450991	0.15849616464589267	-0.09340092962233709	0.22221095105163471	-0.1444922084544762	0.13209541098915129	-0.060757434269744406	0.0654230158011147	-0.022092427636933275	0.021517552581359213	-0.041037822754487516	0.031157939962754313	-0.03471522185403539	0.0041139006304412255	-0.004073613688758042	0.045894661245338635	-0.02443854632842196	0.02451650858321819
-0.7176411762700718	1.0000000000000002	-0.31977164686187615	0.2160532531346631	-0.08038823874756051	0.29729795990242636	-0.4741448017566462	0.19079203893237356	-0.1877002628055036	0.09104697483136581	-0.20933949154901535	0.14663055979793954	-0.14640000384857577	0.06469040673501335	-0.07100954536766835	0.01953552504737497	-0.01922875958295872	0.04070927195452556	-0.03133040053983938	0.03431160842737725	-0.003881031191409207	0.00383580974826553	-0.045701834865717945	0.023519053118386184	-0.023751448231054906
0.20653456212258414	-0.31977164686187615	1.0000000000000004	-0.7366049431983887	0.17295699828206723	-0.1677735703688802	0.20725965326287302	-0.413019024475219	0.27092779372928183	-0.20226383990504496	0.1564383926594188	-0.1415059481788484	0.14260869792097514	-0.0966462522782386	0.10171395502288932	-0.01808149056534307	0.017904411635293178	-0.04484045200913729	0.03812985608688683	-0.041994170679943627	0.004006714545776423	-0.003957718010057025	0.0496696667851953	-0.02742367996643002	0.027700905339803482
-0.22094292034344987	0.2160532531346631	-0.7366049431983887	1.0000000000000004	-0.3043638853034623	0.16011640450360573	-0.21120742638863527	0.26841926527638527	-0.3522783707095316	0.22355382311968522	-0.18057579788619132	0.13698308165470346	-0.1524208408408828	0.11419912489433753	-0.13346207305943295	0.019917865083596963	-0.01987844073127972	0.050049354956124704	-0.04481138189250127	0.04870155292900821	-0.004533965775583427	0.004472094826003983	-0.05714265685382636	0.031474212862590896	-0.032281048122629816
0.0781533072703553	-0.08038823874756051	0.17295699828206723	-0.3043638853034623	1.0000000000000002	-0.06513676732782114	0.08097230094564555	-0.11694811780748068	0.14671173108740398	-0.9135708384296239	0.07668804577110264	-0.06124714487188426	0.06443382887314449	-0.08028361624426138	0.08719783669066483	-0.009419539444198464	0.009389995417241217	-0.02552009751920468	0.025476709143397322	-0.028533042834929894	0.0022396847150864623	-0.002209193363100046	0.028687787516226554	-0.017296752445271502	0.017519396376180968
-0.504769828560309	0.29729795990242636	-0.1677735703688802	0.16011640450360573	-0.06513676732782114	1.0000000000000004	-0.6358777822378361	0.1777127017509378	-0.18057010362172077	0.07538038769932	-0.42412638704340894	0.17158125628415774	-0.16472654170290651	0.0629287497254718	-0.0692442016885148	0.026386664855591244	-0.025748366768034034	0.04552040026848205	-0.03359791121162719	0.0369373893653857	-0.004656251416422903	0.004606301287168623	-0.051075936384679964	0.025979062772604165	-0.02613710465402716
0.3095475252054628	-0.4741448017566462	0.20725965326287302	-0.21120742638863527	0.08097230094564555	-0.6358777822378361	1.0000000000000004	-0.29108551275828765	0.21249627122517847	-0.09582880279906726	0.25809765580311506	-0.2620307928535837	0.19912040246718268	-0.07649622323814764	0.0811144014242466	-0.026425957374107016	0.025744622963313677	-0.05379929644629545	0.03954488448036629	-0.043610711629420686	0.005123477970149161	-0.00507025218615037	0.05931608938348039	-0.030404446181500525	0.030459266506953596
-0.1690342491450991	0.19079203893237356	-0.413019024475219	0.26841926527638527	-0.11694811780748068	0.1777127017509378	-0.29108551275828765	1.0000000000000009	-0.7370356703781169	0.1308227960877403	-0.16796421508876874	0.19306965457930622	-0.24374366855406374	0.141723064754531	-0.1534609250228042	0.020359567524100584	-0.02019090228513648	0.05780154486999912	-0.05047123646833408	0.05384084756800234	-0.004809084840321949	0.004745070626822231	-0.06269259342709448	0.03363121622804654	-0.03411307766658245
0.15849616464589267	-0.1877002628055036	0.27092779372928183	-0.3522783707095316	0.14671173108740398	-0.18057010362172077	0.21249627122517847	-0.7370356703781169	1.000000000000002	-0.192193224460679	0.1755840296939414	-0.19941552744771465	0.18760365533427764	-0.24115877077999479	0.1867025212947794	-0.023552528993322518	0.023257437145205416	-0.06601232528630518	0.06257347334918302	-0.0684942534587417	0.005527442185100926	-0.005459643577363417	0.0707975523551315	-0.04179184083226553	0.04176044927511778
-0.09340092962233709	0.09104697483136581	-0.20226383990504496	0.22355382311968522	-0.9135708384296239	0.07538038769932	-0.09582880279906726	0.1308227960877403	-0.192193224460679	1.0000000000000013	-0.09150479511894237	0.07008695374910182	-0.07605835092724253	0.09296009377621933	-0.11300626855459335	0.011019060780232402	-0.011011812469422868	0.029894476598657845	-0.03012130490266479	0.033379822375514616	-0.0026390570590590886	0.002601899509793829	-0.03398389957597432	0.02022729284720068	-0.020670924247040992
0.22221095105163471	-0.20933949154901535	0.1564383926594188	-0.18057579788619132	0.07668804577110264	-0.42412638704340894	0.25809765580311506	-0.16796421508876874	0.1755840296939414	-0.09150479511894237	1.000000000000002	-0.2468280888212699	0.19926357126659922	-0.07773722459453736	0.08453176186149348	-0.0667417386342861	0.06196592480844225	-0.07438899167418322	0.05257907037011463	-0.060105890049624584	0.00936503161405601	-0.00931252762053518	0.08361847053965443	-0.045864063452616476	0.04561534854880237
-0.1444922084544762	0.14663055979793954	-0.1415059481788484	0.13698308165470346	-0.06124714487188426	0.17158125628415774	-0.2620307928535837	0.19306965457930622	-0.19941552744771465	0.07008695374910182	-0.2468280888212699	1.0000000000000013	-0.8636106786583223	0.07528684032081175	-0.08298919459917742	0.03102922012626773	-0.03118124542905224	0.10918358842271092	-0.06356311362153375	0.0642806891079141	-0.008316403350718996	0.008182034193388688	-0.1198186590472838	0.04462756487242526	-0.04503737664926101
0.13209541098915129	-0.14640000384857577	0.14260869792097514	-0.1524208408408828	0.06443382887314449	-0.16472654170290651	0.19912040246718268	-0.24374366855406374	0.18760365533427764	-0.07605835092724253	0.19926357126659922	-0.8636106786583223	1.0000000000000018	-0.07849524721446177	0.08202852855853363	-0.03260176043959238	0.03229676422393253	-0.1376302286271813	0.06942257843922854	-0.07225682033327563	0.00858407215167458	-0.0084767552284498	0.12193018062420388	-0.048864443139265926	0.04802816809928978
-0.060757434269744406	0.06469040673501335	-0.0966462522782386	0.11419912489433753	-0.08028361624426138	0.0629287497254718	-0.07649622323814764	0.141723064754531	-0.24115877077999479	0.09296009377621933	-0.07773722459453736	0.07528684032081175	-0.07849524721446177	1.0000000000000027	-0.9189079131804951	0.017995952428114803	-0.01811721215601649	0.08226618071573165	-0.15150963207778256	0.13993369366444058	-0.005962026143006022	0.005857691883019632	-0.09095069437666313	0.06580568854266548	-0.06818719640048906
0.0654230158011147	-0.07100954536766835	0.10171395502288932	-0.13346207305943295	0.08719783669066483	-0.0692442016885148	0.0811144014242466	-0.1534609250228042	0.1867025212947794	-0.11300626855459335	0.08453176186149348	-0.08298919459917742	0.08202852855853363	-0.9189079131804951	1.0000000000000029	-0.019134772527614082	0.019118814654825626	-0.08539391209419647	0.13574350829313092	-0.16669258957045857	0.006038375845967549	-0.005943307863603952	0.08979421844657293	-0.07017722108687773	0.06961777132702046
-0.022092427636933275	0.01953552504737497	-0.01808149056534307	0.019917865083596963	-0.009419539444198464	0.026386664855591244	-0.026425957374107016	0.020359567524100584	-0.023552528993322518	0.011019060780232402	-0.0667417386342861	0.03102922012626773	-0.03260176043959238	0.017995952428114803	-0.019134772527614082	1.0000000000000016	-0.9833924649230862	0.08652607387386986	-0.04264730396686336	0.04330407994298116	-0.06189940092535355	0.05803344158592795	-0.09520159577126061	0.03136458584923275	-0.03114254635540622
0.021517552581359213	-0.01922875958295872	0.017904411635293178	-0.01987844073127972	0.009389995417241217	-0.025748366768034034	0.025744622963313677	-0.02019090228513648	0.023257437145205416	-0.011011812469422868	0.06196592480844225	-0.03118124542905224	0.03229676422393253	-0.01811721215601649	0.019118814654825626	-0.9833924649230862	1.0000000000000009	-0.09549311548069955	0.04311959143412567	-0.04500333980971879	0.05736011573804702	-0.060214166617377066	0.08881641701482482	-0.031513199476158764	0.030570035687979065
-0.041037822754487516	0.04070927195452556	-0.04484045200913729	0.050049354956124704	-0.02552009751920468	0.04552040026848205	-0.05379929644629545	0.05780154486999912	-0.06601232528630518	0.029894476598657845	-0.07438899167418322	0.10918358842271092	-0.1376302286271813	0.08226618071573165	-0.08539391209419647	0.08652607387386986	-0.09549311548069955	1.000000000000003	-0.4096912232893727	0.26360688619139044	-0.037177332475791705	0.03646545784152146	-0.8268745431252895	0.17096740824282763	-0.16971454094161015
0.031157939962754313	-0.03133040053983938	0.03812985608688683	-0.04481138189250127	0.025476709143397322	-0.03359791121162719	0.03954488448036629	-0.05047123646833408	0.06257347334918302	-0.03012130490266479	0.05257907037011463	-0.06356311362153375	0.06942257843922854	-0.15150963207778256	0.13574350829313092	-0.04264730396686336	0.04311959143412567	-0.4096912232893727	1.000000000000003	-0.792475948883473	0.01626698500845745	-0.01604042012230595	0.27444888810139334	-0.2740091309412077	0.22080524498596132
-0.03471522185403539	0.03431160842737725	-0.041994170679943627	0.04870155292900821	-0.028533042834929894	0.0369373893653857	-0.043610711629420686	0.05384084756800234	-0.0684942534587417	0.033379822375514616	-0.060105890049624584	0.0642806891079141	-0.07225682033327563	0.13993369366444058	-0.16669258957045857	0.04330407994298116	-0.04500333980971879	0.26360688619139044	-0.792475948883473	1.000000000000003	-0.020288311208020583	0.019798343243995743	-0.35331978390064017	0.23977979317971732	-0.3264566211333118
0.0041139006304412255	-0.003881031191409207	0.004006714545776423	-0.004533965775583427	0.0022396847150864623	-0.004656251416422903	0.005123477970149161	-0.004809084840321949	0.005527442185100926	-0.0026390570590590886	0.00936503161405601	-0.008316403350718996	0.00858407215167458	-0.005962026143006022	0.006038375845967549	-0.06189940092535355	0.05736011573804702	-0.037177332475791705	0.01626698500845745	-0.020288311208020583	1.0000000000000036	-0.9947587862027996	0.044067375842228924	-0.013758842083333275	0.011555422244953258
-0.004073613688758042	0.00383580974826553	-0.003957718010057025	0.004472094826003983	-0.002209193363100046	0.004606301287168623	-0.00507025218615037	0.004745070626822231	-0.005459643577363417	0.002601899509793829	-0.00931252762053518	0.008182034193388688	-0.0084767552284498	0.005857691883019632	-0.005943307863603952	0.05803344158592795	-0.060214166617377066	0.03646545784152146	-0.01604042012230595	0.019798343243995743	-0.9947587862027996	1.0000000000000029	-0.04658645533255514	0.013514662420923569	-0.011431366946995938
0.045894661245338635	-0.045701834865717945	0.0496696667851953	-0.05714265685382636	0.028687787516226554	-0.051075936384679964	0.05931608938348039	-0.06269259342709448	0.0707975523551315	-0.03398389957597432	0.08361847053965443	-0.1198186590472838	0.12193018062420388	-0.09095069437666313	0.08979421844657293	-0.09520159577126061	0.08881641701482482	-0.8268745431252895	0.27444888810139334	-0.35331978390064017	0.044067375842228924	-0.04658645533255514	1.000000000000003	-0.23643610381186297	0.18061145368628634
-0.02443854632842196	0.023519053118386184	-0.02742367996643002	0.031474212862590896	-0.017296752445271502	0.025979062772604165	-0.030404446181500525	0.03363121622804654	-0.04179184083226553	0.02022729284720068	-0.045864063452616476	0.04462756487242526	-0.048864443139265926	0.06580568854266548	-0.07017722108687773	0.03136458584923275	-0.031513199476158764	0.17096740824282763	-0.2740091309412077	0.23977979317971732	-0.013758842083333275	0.013514662420923569	-0.23643610381186297	1.000000000000003	-0.8979302322547507
0.02451650858321819	-0.023751448231054906	0.027700905339803482	-0.032281048122629816	0.017519396376180968	-0.02613710465402716	0.030459266506953596	-0.03411307766658245	0.04176044927511778	-0.020670924247040992	0.04561534854880237	-0.04503737664926101	0.04802816809928978	-0.06818719640048906	0.06961777132702046	-0.03114254635540622	0.030570035687979065	-0.16971454094161015	0.22080524498596132	-0.3264566211333118	0.011555422244953258	-0.011431366946995938	0.18061145368628634	-0.8979302322547507	1.000000000000003
