1.9299100268731055
0.22953813166841286
1.937722785642444
0.6422662887986199
1.3654665064424054
1.0133957038394454
0.03521598538484083
0.7998437834617906
0.3328152334269321
0.4166249996124658
1.1499175040840313
1.1027573076241848
0.7221817704779792
1.7769661017483451
1.4714401775155936
0.7933177037263155
1.384436402980215
1.4842567242840041
1.5148166079529708
1.6851998955341134
0.3940159521526514
1.035000205198656
1.3405509139912297
0.5901085294418253
0.011068646746700939
1.6902533789837144
1.0476549144920342
0.16106566091643693
1.5708218625738022
0.20292966570036164
0.3940480663254573
0.9642908461441637
0.27001591093255817
0.9835753311644635
0.9520883130450559
1.9485218685796495
0.8693489066159272
1.9457437912540905
0.02645939441747691
1.4354994138644082
0.48868037742315806
0.4964286660358783
1.3345404879982086
0.6695940838268215
0.8424529905941833
0.33188287334911015
0.3507317965433985
1.3476151605686875
0.8559158038197574
