1.9526743178310024
1.3971653496716252
1.431418786909012
1.7384152426815502
0.023723679169340706
0.675115808924355
0.8109309600417021
0.49393434311965567
1.787360165359274
1.9108834819640776
0.4453311240266835
0.3929096397230265
1.0666755110777948
0.6703076063845792
0.14817796209049838
1.9864924160194466
1.6396795052815212
0.6442238100448994
0.6151250375163375
0.13635473884668858
0.9493523200020366
1.6539181344413834
0.47764297631787045
1.4113274656086352
0.3658818373060293
1.7300099935202118
1.0907746354975347
1.8137776552896265
0.5978795775928507
0.2754273363832218
0.3367833076044495
1.4568736116530032
0.4853890567345762
0.7440905183449127
0.9036799880369437
1.409954190592154
0.35292320571945623
1.4670133078466572
0.8557041766990237
0.5617181901191
1.6703506715279408
1.335941033205379
0.10483062610801941
0.7563401701084982
1.8726620065667512
0.018618204237822678
1.811158480586351
0.587190102646276
0.7944586354210834
1.9737638482793702
0.32736799061518296
1.1508545811757074
1.8884731700110082
0.008104604023052353
1.516928927932958
1.346053522047037
1.5391136967177146
0.28348456744671857
0.3337689298753488
0.15928616582330424
1.8537899279534034
1.284235914846155
0.687354753653941
1.0218315983364086
0.9661453353179525
0.9420873933456635
0.15909173002602106
