1.945029413345897
1.1216584820687352
1.093742115006509
1.9827012474793064
0.3207017765932272
0.8480130246557169
0.45753616571470435
0.3920424556180686
0.4978277534297635
1.0848752119020189
0.4084867353827413
0.5066687085341921
0.2578943366584272
0.429848803214842
1.7630306062320988
1.0036393083380881
0.08281509060083092
1.656826338449172
0.8679298901038628
0.6823935040627225
1.2260328108247869
1.9821555384084837
0.9178166455932031
0.39452142881619956
1.499653966154204
0.7553554156700919
0.21865737822313136
1.2902938692430115
1.0255444804560354
0.6229869945513418
1.8972946732248617
0.028435901107306094
1.3698473702155858
0.2865708979330077
1.5064518936848015
0.7834464601252309
0.07026460354730535
1.6348657077521334
0.33201717997881275
1.326224807216815
