0.8967721039263763
0.22665031362160715
1.0762289962112392
0.38084121095140633
0.7018209379521623
1.4805213430531539
1.1852391912058233
1.4424194397478698
1.6987864124279861
1.5747079853029073
1.867302662375124
1.0449868314517157
1.828517877316592
1.1343160225955038
1.3175357869315385
0.5065651128894042
1.3645346550760373
1.966535309243088
1.1637109880020011
1.8754460987804342
0.9490285528754172
1.9325278847068983
1.2804525150304613
1.496338234049813
1.6576163489601479
0.32968838956464364
1.5638140476836822
0.6703945833824756
1.810230122666558
0.5848930911912333
0.10744525156452989
1.7924663667193235
1.7548113193303667
1.3811287996943977
1.9819914513257344
0.4063088046145551
1.5198287191319615
1.0446515755985706
0.7343192706438004
1.4272373677087056
