1.1068433463533616
1.0624489899118696
0.3320647085857562
1.6923339069153762
0.34373608446799775
1.7421198222312073
1.4300807020175137
1.3507921151197197
0.7516121479445244
1.6463103212677694
0.8220685540957344
0.9083113302415882
0.4033092472731954
0.8392166872442162
1.47227075635839
1.498639700032545
1.8776427267406501
0.21900831223514894
1.927237567537043
0.1647025447220294
1.5434111452284878
1.5609146450246274
1.8218596112623628
1.5813057026484718
1.091029232305702
1.861070065957934
1.2955931033366515
1.8017047742987486
0.16454895937630676
0.4145139431618352
1.2681965156723267
1.4654545735719076
0.30563475406442153
1.1929896698953648
1.6241595917308564
0.9655928642840075
1.403533385375745
0.9337441626610365
1.414011166520929
0.25073412908160053
