0.908740102173248
0.015431991434243564
0.6653305657320994
0.23741106764801145
0.03389962194595153
1.51020815888175
1.4519803786199272
1.9803251197197982
0.26345228215583605
0.7979489245174785
0.6562109965764322
1.8302669358484311
0.3733355032023504
0.5579841411791775
1.9961853584671259
1.8106685753096525
1.1353199179095514
1.6328691347779052
1.0247596482376982
1.5464433477504556
0.7170935628963444
1.5976305529958368
0.2077301885381191
0.9073463674857916
1.5196904293173734
1.315050954887846
0.37600205760171335
0.43384709426503054
0.42509231720691076
0.4260691444070308
0.34866337574218553
0.13064103668165883
1.6040203764999514
0.4265098722743197
0.26626390443025993
1.3798955746705874
0.5019429292717597
0.2145115271601039
0.9244978162674293
1.3771116666365586
