0.6081025281873575
1.8015874545758712
0.88568771270175
0.057628376606694065
0.3090875426559694
0.6522347866840636
0.42236596311412145
1.6219299268103273
0.12104615008515518
1.144309580775111
1.7481653044441363
1.8085329681222282
1.9917154381204316
1.307245074582947
0.700625548456852
0.6802900869226689
0.9957521740635298
0.31991883493142126
0.08361996404123584
0.20106208140212
0.4673379834199869
1.1236962986059131
0.9755576594872903
1.047076532930626
1.7697866775509552
0.18717563019427175
0.6231112677173622
1.4362267051244713
0.4483453853523005
0.007150404036909919
1.4614776773510463
0.6967791899486144
0.0502780343182212
0.2919457595482444
1.9280542416229136
1.669223246449191
0.3521757688560223
0.7266680741580198
0.9503171177660903
0.4044168046871923
1.934082387631065
0.4967968379857419
0.3337086105937104
1.7303023545062892
0.8564742746823568
0.10777003836453991
1.9237892995712644
1.8665385128671033
1.5831878426425332
1.0890424704178963
1.5729812633680598
1.208952845107568
1.3436556255499008
1.2676807011085711
1.7101468861166595
1.6727088568499906
1.5988134429631704
0.47404593945119355
0.1481293382456128
0.9107771094034645
0.01829385650400983
1.7332781464742815
0.813036290870961
1.725466644357863
0.23419534927095498
1.4076203715942381
0.8912289086790177
0.09174190591858578
0.09460458731201626
0.6965735378270459
1.958458284897807
1.3904154535569084
1.8443361024945868
0.750982211557758
1.0503474945359468
0.3054686537485143
