1.8539551262785343
1.0506249954418925
1.8279949689885573
1.279619221704941
0.7676700436164929
0.7690421098997904
1.8025209036773306
1.6650750197176611
1.4797423662342535
0.6356735867160617
0.05992309338636659
0.7986881048761982
1.0920772025664083
0.15299860277301658
0.7314387545331362
0.41951199148278917
0.8798884999306789
1.5304459015512855
0.7753619359289696
0.29261520642552075
1.3500174171959265
0.5300878386251919
1.3062842518623108
1.2375679229586023
0.9258571654109478
0.041218799433164754
1.947207635109919
1.9145186085744452
0.5457137147943483
1.9976293428969147
0.04237246261665417
0.05696548415559333
1.5718626637454598
0.9903268595618759
1.3031312238422372
0.704962852800882
0.4206529693473602
1.6301551716251619
1.6656337753846353
0.8662054871585996
1.1198518576445422
1.906093623545698
1.6937687665659973
0.8757128794721916
0.4806808103674505
1.0916424641563682
0.8952985406356118
0.18132555088223645
0.31859118662788255
1.3746205402225011
0.470645612378799
0.4785088217686182
0.6095330570380226
0.1467374520250888
1.033651968105867
1.503095420522365
1.3403878063976178
0.025817824764243102
1.3757339666301904
0.6669424467757494
0.9977364741106012
0.623943930536536
1.42974287020964
0.8421826091199307
1.3183584180071346
1.7751196747634723
1.0097907027437674
0.9695338201006991
0.4560112554977973
1.6331168905967326
1.4577026936753157
1.9021891883344302
0.6484145439655342
1.6257992181623822
0.8687390382758533
0.5081446457951975
