1.0162732519818425
1.4183368969021015
0.7631074627883279
0.9622576341702755
0.5810600099773309
0.7574883194423361
0.820768962863268
1.47011618561937
1.2865396690265012
0.5033414118882269
1.5642247646810783
1.5802651074963463
0.6926060929451556
0.3272474865239161
0.6479627616664021
0.6857681233460546
0.21296005920769234
0.5880177141457872
1.605780463285603
0.9204861239797819
0.2962371972790958
1.1548273273937415
1.8563517363921953
1.898318017396745
0.31102628983559155
0.8669390840963191
0.49353973896096637
1.844294407260417
1.4764435293812146
1.2337312169404644
0.5511334397403442
0.07206429110040258
1.9060062880103814
0.08339109740988881
0.4199658361641805
1.2189540012081759
1.8310439309734812
1.278412946945771
1.3578035765152658
1.5053156760616018
0.9632083563491158
0.003619352776210949
0.8796559468370537
0.6318652948880317
1.4564507318548583
0.8930500252671139
1.9412665686559598
0.7162392041014689
0.07685395292793284
