1.0561419327614492
0.2088804825969195
0.10986113576434953
0.7853653745390425
0.912984505128072
1.8787468191507943
0.3083367595613806
1.0037324767436
0.8965235803910452
0.9201524637229439
1.338810813322668
1.6179874363701763
0.18602811460720092
0.7468676546522448
0.3137038393454521
0.0719335218434809
1.8883189110143288
1.1831635944885952
0.8275891199314391
0.6505392132082317
0.03530235771890711
1.679728776358115
1.7833635662106544
1.5939498932860525
1.8807554797672177
0.9415685207621358
0.30123713850191614
0.5961264175457743
0.489737163983778
1.2808172577298453
0.6637582504152655
0.3146192248117572
1.893694680779951
1.9016727020093778
1.0095602409924993
1.2035870695005988
1.998843253705218
1.2628302270383953
0.7767836742130467
0.9744428104504648
1.786019773071529
0.4584885444728708
1.043164073057134
0.7203040148526663
1.842425759147119
0.3859599744622244
1.8518809520307302
0.7691506395554359
1.2068420060504876
1.3931355125204856
1.5170958136251032
1.1563947538967017
1.3901110496983105
1.7025843861065333
1.2626111192954692
1.2215084036533042
0.18736157443409107
0.8550017020904765
0.3651729488802924
1.5333316354710176
0.44511860625944477
1.1918194789404222
1.7658545668132741
0.9227548436318367
1.9973454061107647
0.13105880372172551
1.7091556329555457
