1.0000000000000002	-0.08759549713480375	0.07737657071128048	-0.04633844709591095	0.03330260643418392	-0.8307760451614076	0.22489090872338588	-0.06596403945368674	0.05664314263206683	-0.060678740219682996	0.26885164403768114	-0.212452857782079	0.06966935394614811	-0.060228543072957594	0.06486418663878	-0.12373355605050462	0.1262169812558893	-0.06342975785753897	0.0513592252099451	-0.05754589565526272	0.07589522790265893	-0.10232887713301722	0.03934157796120368	-0.03178919846435298	0.06018494977151165
-0.08759549713480375	1.0000000000000002	-0.9737838089723891	0.06063831068389303	-0.04814291956350415	0.0635322742695235	-0.06287975063518986	0.11175047492586293	-0.0949414354162248	0.06627806100596813	-0.06488206382785856	0.05285523127458438	-0.08464571849225869	0.06243560306212671	-0.07631004776708418	0.032686028192406916	-0.0389874125635975	0.05339933042728686	-0.0481934024279298	0.0463425395447392	-0.021963148011870368	0.029232091471489616	-0.029737759989152263	0.02334322337103836	-0.05203211964069569
0.07737657071128048	-0.9737838089723891	0.9999999999999999	-0.06376672372242324	0.04788505871950344	-0.06230194255519315	0.059105087198457494	-0.12768581982733154	0.09119738159591247	-0.06720593749811012	0.0617821851773469	-0.05180377243858123	0.08125920539362827	-0.06181103376100542	0.07212499002798843	-0.03217936181103426	0.03791446232790939	-0.05304860730529126	0.046626798866564644	-0.0449814512256692	0.02150371073657635	-0.028817464486570236	0.02822390385914364	-0.02230006543437515	0.04914957957499837
-0.04633844709591095	0.06063831068389303	-0.06376672372242324	1.0000000000000002	-0.8226865175990515	0.036601206666402035	-0.06572909810049504	0.1689815574375668	-0.2862587875508023	0.2991292190756834	-0.07026164665736773	0.05888342128986343	-0.17025525360021346	0.15895924221278124	-0.29196333087048976	0.04331803588087936	-0.05658858830262822	0.12101061735126888	-0.11895571329623006	0.12941763695658634	-0.03180760759779496	0.04220192552681862	-0.0819588994632742	0.06301391162927363	-0.15348377119497814
0.03330260643418392	-0.04814291956350415	0.04788505871950344	-0.8226865175990515	1.0000000000000002	-0.026509352786630403	0.0474018638021403	-0.14034876833461896	0.20157247287909819	-0.46918033892987765	0.05021240990027425	-0.04310685424058374	0.12411463038689742	-0.12586282905857055	0.2116830387627639	-0.031715559131023134	0.04104655984273249	-0.09391396988186569	0.08849290582106967	-0.09735192440844932	0.02302073568215708	-0.030795340603417633	0.056891389156216665	-0.04443794082596818	0.10606083286796977
-0.8307760451614076	0.0635322742695235	-0.06230194255519315	0.036601206666402035	-0.026509352786630403	1.0000000000000004	-0.30641260648706065	0.055040020924611376	-0.04687575520840402	0.04828053251852636	-0.36852351428683366	0.20778006396154633	-0.059907402533638424	0.04984031258460274	-0.05235632277266169	0.10883182189330023	-0.11509714603609467	0.05231173967814428	-0.04234396718521477	0.045418101224386775	-0.066539949375308	0.08692650296776758	-0.031477982579862965	0.025452917770779654	-0.04758242505022456
0.22489090872338588	-0.06287975063518986	0.059105087198457494	-0.06572909810049504	0.0474018638021403	-0.30641260648706065	0.9999999999999996	-0.11304669805712056	0.0882311740127294	-0.08899383887956688	0.29704839515194187	-0.7640281765146435	0.1248944080963812	-0.09962250131782502	0.09479317758370248	-0.1943819391245458	0.21657238357826786	-0.10238172586973904	0.08035662273361145	-0.08107519813863862	0.1154507687212675	-0.16728482772359965	0.0556804713833841	-0.04545189034277072	0.08293113769744548
-0.06596403945368674	0.11175047492586293	-0.12768581982733154	0.1689815574375668	-0.14034876833461896	0.055040020924611376	-0.11304669805712056	0.9999999999999997	-0.6653385772167394	0.24351979872724355	-0.09750388568390887	0.10369799271120266	-0.5482245148283714	0.27020141886628785	-0.27978649431591085	0.062479718389093095	-0.0822825610053958	0.20731652145951054	-0.19129806732170668	0.1497054468170554	-0.04368350254380986	0.05906367805029942	-0.0921161235593513	0.07268231912263592	-0.16394793072553637
0.05664314263206683	-0.0949414354162248	0.09119738159591247	-0.2862587875508023	0.20157247287909819	-0.04687575520840402	0.0882311740127294	-0.6653385772167394	0.9999999999999999	-0.4533383710261054	0.0844498256983876	-0.08439818333199825	0.2874203323037779	-0.3341804168632062	0.27214830587933403	-0.05707737802985193	0.07316935696167358	-0.21121797226396732	0.17827376624615132	-0.15212803191026114	0.0398033973850138	-0.05439388962058192	0.08445616534926391	-0.06820569460395784	0.1505143653943241
-0.060678740219682996	0.06627806100596813	-0.06720593749811012	0.2991292190756834	-0.46918033892987765	0.04828053251852636	-0.08899383887956688	0.24351979872724355	-0.4533383710261054	0.999999999999999	-0.09342677113416449	0.08061609697411229	-0.24928904524113757	0.24378952536591825	-0.5500619476039509	0.05905471651225059	-0.07728500290449639	0.17598365293456175	-0.17519126720128045	0.19085226223799767	-0.04327216450610283	0.05768983597148298	-0.11377199689382432	0.0881486864303769	-0.21568656236217465
0.26885164403768114	-0.06488206382785856	0.0617821851773469	-0.07026164665736773	0.05021240990027425	-0.36852351428683366	0.29704839515194187	-0.09750388568390887	0.0844498256983876	-0.09342677113416449	0.9999999999999984	-0.4193703942931001	0.10933395510802875	-0.09491856847794097	0.10038315873416737	-0.2780746145184747	0.23603257725335544	-0.10272060198538281	0.08232346442512327	-0.09229013336448365	0.1504650486293372	-0.19287190513780889	0.06466930066757204	-0.05241457195033801	0.09633079246634069
-0.212452857782079	0.05285523127458438	-0.05180377243858123	0.05888342128986343	-0.04310685424058374	0.20778006396154633	-0.7640281765146435	0.10369799271120266	-0.08439818333199825	0.08061609697411229	-0.4193703942931001	0.9999999999999986	-0.14655679065203267	0.09767567045815634	-0.09035692110611936	0.1908634644076835	-0.31154985763317	0.10059314187024207	-0.08023854702538219	0.07398722998717985	-0.11728753550529489	0.15905812766245556	-0.052011295548851234	0.042224721228805495	-0.07680446025030493
0.06966935394614811	-0.08464571849225869	0.08125920539362827	-0.17025525360021346	0.12411463038689742	-0.059907402533638424	0.1248944080963812	-0.5482245148283714	0.2874203323037779	-0.24928904524113757	0.10933395510802875	-0.14655679065203267	0.9999999999999987	-0.5408778654736671	0.26386507085666155	-0.07721289272698158	0.1012726406106218	-0.4171639609808252	0.26883486447241395	-0.17913195548168545	0.05202215895095286	-0.07216947352170651	0.09844381670762678	-0.08135533066267758	0.1673079656837956
-0.060228543072957594	0.06243560306212671	-0.06181103376100542	0.15895924221278124	-0.12586282905857055	0.04984031258460274	-0.09962250131782502	0.27020141886628785	-0.3341804168632062	0.24378952536591825	-0.09491856847794097	0.09767567045815634	-0.5408778654736671	0.9999999999999986	-0.49011214769952005	0.06654177851753404	-0.08901777618967685	0.29945309426657535	-0.46116289984362907	0.213219542211463	-0.04703865405728786	0.0641956665648167	-0.11706512208748575	0.0958672127556282	-0.20569854445181587
0.06486418663878	-0.07631004776708418	0.07212499002798843	-0.29196333087048976	0.2116830387627639	-0.05235632277266169	0.09479317758370248	-0.27978649431591085	0.27214830587933403	-0.5500619476039509	0.10038315873416737	-0.09035692110611936	0.26386507085666155	-0.49011214769952005	0.9999999999999989	-0.07010893002697535	0.08897055124850313	-0.2623566858877849	0.23738902055979116	-0.3531758916331945	0.0499592660184822	-0.06858536151847708	0.12267549418282044	-0.10285363229156932	0.235899201463332
-0.12373355605050462	0.032686028192406916	-0.03217936181103426	0.04331803588087936	-0.031715559131023134	0.10883182189330023	-0.1943819391245458	0.062479718389093095	-0.05707737802985193	0.05905471651225059	-0.2780746145184747	0.1908634644076835	-0.07721289272698158	0.06654177851753404	-0.07010893002697535	0.9999999999999993	-0.638387200143491	0.08851266409718622	-0.0718069029517245	0.06832855324716144	-0.5879550901952462	0.32603658703851124	-0.06095999427657817	0.048998602879125254	-0.07452453598690688
0.1262169812558893	-0.0389874125635975	0.03791446232790939	-0.05658858830262822	0.04104655984273249	-0.11509714603609467	0.21657238357826786	-0.0822825610053958	0.07316935696167358	-0.07728500290449639	0.23603257725335544	-0.31154985763317	0.1012726406106218	-0.08901777618967685	0.08897055124850313	-0.638387200143491	0.999999999999998	-0.1335280596253583	0.09557796210725267	-0.09029800217065542	0.3046593555263949	-0.5293964732674193	0.07797632094784025	-0.06505039313876836	0.09281251076316444
-0.06342975785753897	0.05339933042728686	-0.05304860730529126	0.12101061735126888	-0.09391396988186569	0.05231173967814428	-0.10238172586973904	0.20731652145951054	-0.21121797226396732	0.17598365293456175	-0.10272060198538281	0.10059314187024207	-0.4171639609808252	0.29945309426657535	-0.2623566858877849	0.08851266409718622	-0.1335280596253583	0.9999999999999984	-0.7380485648509785	0.23088672496856044	-0.06157040550006413	0.08530417460812154	-0.16039534146145412	0.12717271580904776	-0.25457863098327665
0.0513592252099451	-0.0481934024279298	0.046626798866564644	-0.11895571329623006	0.08849290582106967	-0.04234396718521477	0.08035662273361145	-0.19129806732170668	0.17827376624615132	-0.17519126720128045	0.08232346442512327	-0.08023854702538219	0.26883486447241395	-0.46116289984362907	0.23738902055979116	-0.0718069029517245	0.09557796210725267	-0.7380485648509785	0.9999999999999989	-0.31364406085918806	0.049563403809886	-0.07014359052184851	0.13739584911869085	-0.12891203948469604	0.22043674240791994
-0.05754589565526272	0.0463425395447392	-0.0449814512256692	0.12941763695658634	-0.09735192440844932	0.045418101224386775	-0.08107519813863862	0.1497054468170554	-0.15212803191026114	0.19085226223799767	-0.09229013336448365	0.07398722998717985	-0.17913195548168545	0.213219542211463	-0.3531758916331945	0.06832855324716144	-0.09029800217065542	0.23088672496856044	-0.31364406085918806	0.9999999999999982	-0.05509448943577472	0.07431044821918348	-0.2675665396464828	0.2126223097507193	-0.7613374382394309
0.07589522790265893	-0.021963148011870368	0.02150371073657635	-0.03180760759779496	0.02302073568215708	-0.066539949375308	0.1154507687212675	-0.04368350254380986	0.0398033973850138	-0.04327216450610283	0.1504650486293372	-0.11728753550529489	0.05202215895095286	-0.04703865405728786	0.0499592660184822	-0.5879550901952462	0.3046593555263949	-0.06157040550006413	0.049563403809886	-0.05509448943577472	0.999999999999998	-0.7283027446834349	0.0617700518438717	-0.051946305958814776	0.05793757391326729
-0.10232887713301722	0.029232091471489616	-0.028817464486570236	0.04220192552681862	-0.030795340603417633	0.08692650296776758	-0.16728482772359965	0.05906367805029942	-0.05439388962058192	0.05768983597148298	-0.19287190513780889	0.15905812766245556	-0.07216947352170651	0.0641956665648167	-0.06858536151847708	0.32603658703851124	-0.5293964732674193	0.08530417460812154	-0.07014359052184851	0.07431044821918348	-0.7283027446834349	0.999999999999998	-0.09314337407705438	0.07101916817258025	-0.081711479234116
0.03934157796120368	-0.029737759989152263	0.02822390385914364	-0.0819588994632742	0.056891389156216665	-0.031477982579862965	0.0556804713833841	-0.0921161235593513	0.08445616534926391	-0.11377199689382432	0.06466930066757204	-0.052011295548851234	0.09844381670762678	-0.11706512208748575	0.12267549418282044	-0.06095999427657817	0.07797632094784025	-0.16039534146145412	0.13739584911869085	-0.2675665396464828	0.0617700518438717	-0.09314337407705438	0.9999999999999972	-0.8923136652274045	0.24835815908438136
-0.03178919846435298	0.02334322337103836	-0.02230006543437515	0.06301391162927363	-0.04443794082596818	0.025452917770779654	-0.04545189034277072	0.07268231912263592	-0.06820569460395784	0.0881486864303769	-0.05241457195033801	0.042224721228805495	-0.08135533066267758	0.0958672127556282	-0.10285363229156932	0.048998602879125254	-0.06505039313876836	0.12717271580904776	-0.12891203948469604	0.2126223097507193	-0.051946305958814776	0.07101916817258025	-0.8923136652274045	0.9999999999999976	-0.3481969556385678
0.06018494977151165	-0.05203211964069569	0.04914957957499837	-0.15348377119497814	0.10606083286796977	-0.04758242505022456	0.08293113769744548	-0.16394793072553637	0.1505143653943241	-0.21568656236217465	0.09633079246634069	-0.07680446025030493	0.1673079656837956	-0.20569854445181587	0.235899201463332	-0.07452453598690688	0.09281251076316444	-0.25457863098327665	0.22043674240791994	-0.7613374382394309	0.05793757391326729	-0.081711479234116	0.24835815908438136	-0.3481969556385678	0.9999999999999973
