0.7101020050132907
1.16147907470349
0.5572717463990005
1.9875912320872624
1.4326593928412548
1.5031207922616776
1.6531179347860077
1.6141389700027524
0.11244411295759882
0.6130709998782247
1.5792950276059647
1.5598108495623726
1.9495646119493917
1.3171501251143112
0.7862620167938204
0.7233405651623848
1.7125562579731834
1.4966685782563869
1.81832535543187
1.9157286622668086
1.8687049660873125
0.7648270727705415
0.013562848623174695
1.78196483780662
0.1716880762360824
1.2173993153422829
1.1431510593785363
0.9702737102900998
1.8737724003646763
0.15952194206679104
1.294779184967894
