0.7843240876905906
1.7267016703035019
1.9383852463294633
0.2811920971628479
0.2685214346968814
1.5726917953166137
1.471197902890521
0.05363360749263313
1.8298711163912276
1.348967709536224
1.4804350201923064
0.9354281279715839
1.1442618964882287
1.6634840978564083
1.5594170718436433
0.6340556592684496
1.4022624922300806
1.3220160675667425
1.8667650201243857
1.1273231985581162
1.7572331653214084
1.9929101021430737
0.9889722663338967
0.9669764584142033
0.7267334659087012
0.27176390951081064
0.2965797139856128
1.5107566372788974
1.5041088002716467
0.589267333554309
1.4545565280757886
0.8536285832567865
0.09423558449091773
0.9444182473453813
1.2738195430014083
1.352245227142686
1.1353733494342295
0.11585884449099026
1.1443840870979178
1.4214192324233115
1.9372435654281674
0.8653852743742103
0.36220088715774823
1.8642658179416283
0.5526031096404473
0.9675577176254198
0.6893237525329496
1.972739889012582
0.4322539304339017
1.1816395661620827
1.6249578113713916
0.46551247188136147
1.1544026337336577
1.07035718401035
0.9807919683120421
0.9491262672043401
0.0019135121241644626
0.8807736344264216
