1.2055497783847557
1.9459068780603088
1.7979330861608518
1.3220829337785025
1.870869954915317
0.5993370741746937
1.2352585053578098
0.2828866210182688
1.0437463406690588
0.6682978711357652
0.9804678798081352
0.6439447499396493
0.13882399971427262
0.3819313853607631
0.4338453724960112
0.22228619704024677
1.697990694191024
0.5164526983436666
1.6892806655638237
1.9028953495631384
0.2726876174310924
1.4139091023415706
0.17063301672441478
1.8610627119616172
1.5451289855911976
1.536530320660094
1.7415227466630836
1.944816355502283
1.0777145377096247
0.5254012247608739
0.633513269077028
