1.9872119580829666
1.5520440529933786
1.1849358399679741
1.1713169517165007
0.033376810523826794
1.8311904944418451
1.0972992827305137
0.07908532209890584
0.7649189348819796
1.7298833967749951
0.6509596974169205
0.13840478212318574
1.9778959694545053
0.13169577527557896
1.7467942281155677
1.2777819420613183
1.1739373267803193
0.47906637643028605
0.664821007985406
0.37407286089406444
1.0127130680051333
1.6813868614338285
1.9680991475637173
0.3532411612127788
1.904270221928014
1.6156790096780602
0.06526026906567939
0.7450411817823155
1.6197942378956793
1.8131638512844779
1.477587166805701
0.8206030403568745
1.5212736801895108
1.3051377408019378
1.9840107958760638
0.14394495031272525
1.944100482490415
0.5830439821097602
1.6059356455347737
1.6216715326623081
1.8994598069894826
1.1838401987193348
1.4168734452031688
1.643114788560014
1.3791187112195806
0.9508775050442182
0.3480568841555529
0.3991659710983968
1.7583003990658992
