1.015256707622687
1.4309441440534334
0.4343850520721291
1.709271413615506
1.6066033935033004
0.2008379352569034
0.8591521446677315
1.6556518866500856
1.1353131436304489
1.929997061302073
0.9293182635477164
1.580582386663568
1.5046043142500545
0.5117518229641651
1.2930006838446193
0.17420438689854123
0.6352163955531984
1.270269176169751
1.5924173463307327
0.9001046718330636
0.5064419798031015
1.1711943537662344
1.543132466555328
0.5288454183331042
1.1242907861293925
0.19462301205864607
1.41086520166298
0.16697757880278763
1.7999105671750395
1.5138755279434308
0.5021446653158104
1.2042284529003382
0.7701601508340765
1.2506037699488912
0.26840783570953874
1.503477150980379
1.0250149811979838
1.3628943291350804
1.8450729449769563
1.8781079994930927
1.9324773534410582
1.6287684172974086
1.714917337339401
1.5838280498741732
0.324597455268715
1.5152532806849566
1.563139003077369
1.5962027609864329
1.190077218847934
