0.3826044643911257
1.7928879871156824
0.6742460676253135
0.43462879971029755
0.4210732166859028
0.743732977497547
0.20317462682827703
0.3546147114634808
0.992781267945007
1.9070039133544063
0.6403588578055701
0.28227745078328503
0.7562641178207987
0.31617097533190375
0.34941170031602464
0.9339595657914717
1.3691766644312717
1.534515143766943
1.5055879545550437
1.0778020166727633
1.2126996486759682
0.29675385441721813
0.9311366776584036
0.21806514716902559
1.7724961794436696
1.708109565222009
0.7110363659104477
0.01076363654556145
1.751399207106402
0.27179632108859986
1.6119903098844257
0.5844332279446771
0.7032160433067456
1.2227045614790875
0.9240544363420753
1.2057567557239386
1.0904934411449414
1.448914379432106
0.5883112601511038
0.9979444454959441
1.6074951460681448
0.42638021840011664
0.4181370634444175
0.43616888254241015
1.0240391457494398
1.0435589755621058
0.06828587898346106
1.6240135826250537
1.9366072757086572
1.8070435664321707
0.7653695669896523
1.1707901587738037
0.4787023005451969
1.6076591083853722
1.9877593552099562
0.65587667614234
1.5936685203079386
0.1410610903783085
1.0793448835334596
1.5805252949350654
0.6996258750765239
1.5163833863247485
1.5009110711783777
0.7596842519125024
1.0002612633739267
0.27351121565056724
1.1284171017986941
