0.12500534181306966
1.27888768226261
1.910733671823476
0.8249843015977136
0.7651899139062484
1.4766543959148994
1.1188036587026708
0.2847692578487062
1.1260820874515711
0.23515380328626279
1.7195865386871798
1.4766628515376592
1.8513676063273556
0.9966216407924904
0.5534358168017026
1.5438436383018965
0.7242538180272353
1.211088155145442
1.663014439175945
1.400591116588906
0.2864947149190957
1.3320694458804891
0.8563887681941535
1.8430285357536227
0.16291552483186367
1.7528249202558444
0.9643046362262768
0.5521836833098153
0.8033134095573504
0.14031679420189835
1.227604659783799
0.2026005071480066
1.1956869127250216
0.184777377196796
1.5848439620550527
0.6126522971746815
1.4610746159905608
1.4064311450769433
0.2753740706288492
1.3938026731922197
0.24541642504559658
1.094723658179512
1.5443021798022851
0.22279012067928994
0.7963596044814367
0.4891596281243453
0.3618270863137023
1.078953257071281
1.9155174905128414
