0.9109948680941513
1.2652838527217738
1.6988115600317508
1.479110497364951
1.3646925567285049
1.555705715499569
1.9247585505526388
1.637682104285199
1.5091028752569957
0.5238165436221456
0.7749754485228815
0.8034611943094037
0.8875570465477147
1.2541306410904327
0.22996261915788185
1.7407554895369386
1.4632856979309365
1.363908105071816
1.1652473349960744
0.7816678181105323
1.3202914360257698
1.3909461973048
0.9388839921486776
1.4672129045700433
0.05366463686645684
1.1804661975828563
1.3156159296918357
1.5953774299265153
1.1442236040200497
1.2945856863624465
1.8685022986151707
