1.6301132572535435
1.6815059707098148
0.3949692988937885
0.6450500324308561
1.5402195208171778
1.0845674123470666
0.705699400046969
1.3416138981679486
1.3499125008445523
1.3292107173787833
1.1746906925137757
1.0055072021857812
1.173900815582214
1.9301914430964109
0.2292903068884975
0.8486096940004382
1.9153579868030288
1.023236815342952
1.114223634897403
1.7958644483049384
0.5216500777634376
1.2860440134549997
0.07245300079641748
1.5751286360645174
1.2004905626520626
1.8982781879474064
0.49015175107255704
0.2988948717221973
1.8170710888500343
0.7478608201497372
1.541242752975299
1.6006371812911722
0.8835158896010578
0.0715297980925449
0.7452482255967117
0.8542820814966086
0.03771176774554874
1.1887117019361324
0.46501863773294794
1.4149823188287076
0.1474605513837144
1.8862785503293042
1.7715100542660274
0.270410386186819
0.13753133964183473
1.305987869455385
0.6406344855506867
0.11635790622937447
0.9818452194778393
