0.6107764759743088
1.2105263836688405
1.959841404424818
1.2693059901121457
0.5855228471249774
0.766404570674371
1.1794703025767568
0.28704844476881064
0.441196977598993
1.900794684522281
0.7251251946257189
0.3205807310078326
0.315794872155041
1.7254809165292189
0.5771359019125577
1.5328781679922994
0.45938307602743045
1.2004406813428972
1.327928699128249
1.8301982254048124
0.984839160055567
0.03632976477704508
1.0727063315551146
0.5603644925844695
0.8607016172868858
0.4146043925897138
1.5784279119433906
1.5610619156214458
0.1295868260586075
1.0235336063143805
0.24550900291300426
1.2111317194009632
1.005731076138261
1.0240186668640052
1.4628404275859879
1.742084587873467
0.6020056373001914
1.258583350837923
1.9277222664916556
1.1448977062726686
1.227400601796269
0.39060464682930496
1.84779555446731
0.2841344974617037
1.311816484007386
0.9002277637610168
1.0876750732219538
1.2182619204751224
1.8235626693608937
