1.680391900188559
0.2776401137770903
0.6906961497555351
0.7160772747297526
0.5232107711759459
1.5645241317383447
0.8110791296918594
1.6443013181144188
1.6059629687076482
1.3583752034242642
0.4289619022521669
1.0047581173129165
0.5644435031150601
0.7658979011264759
0.5591927771455247
0.16733060348522422
1.708305891381721
1.8499683614159808
1.9707468732984688
1.6145196387051581
0.1498569678539341
1.4792117266090141
1.5191985106548076
0.9208445056712735
1.3410720264933094
0.3661637092087058
0.5548481507070155
1.758507830323636
0.7586484983641997
0.025318354712320357
1.5406054672000034
1.668384127398511
0.7138487496151442
1.3797197924476348
1.0539080205279299
1.958582376144681
0.06482038728656381
0.5990990214100398
0.8666824905655037
0.9317320672906857
