1.7339549569597166
1.8324333784917721
1.715991500622236
0.7587248689627524
1.748785830418134
0.27411718667253027
0.7823549196111199
0.3724412159738706
0.08707330734336205
0.5530782085472281
0.007864619615184143
1.5559680497556019
1.3161935832883267
1.4560691128184478
0.6760059504466791
0.6402049098814926
1.9625430927407197
1.0472688713552518
0.926089758165062
0.22167934906894216
0.4019193064599853
0.15246435073111098
0.6251501409291969
0.935421225850452
0.41282107552038116
0.11027282503447733
0.14886522863255358
1.968484423013567
0.7235150832079933
1.7719173068508387
0.892974070796515
1.4401036540824617
0.38525064951599575
0.7591630346619085
1.1695810840200251
1.829129027397327
1.1632574032771346
1.759648157104408
1.9852336584370893
1.3795803063456926
