1.3549893261544246
0.18033345427667058
0.014438088037462382
1.8037236943449266
1.9026267096535379
0.9187071647006646
0.015635458288546733
1.7718531968388609
1.302543952393644
0.30478550356146705
0.7693192359338363
0.9308300792450273
0.44212518354603825
0.5833087180858261
0.1448430653111954
1.7466910689216566
0.1290077059077941
1.0759944130147052
1.206487771072101
1.3043525456237965
1.9282483227270513
1.1974886621849232
1.6377253544221406
0.2971861745505868
1.4716208277484872
1.6068282820072315
1.6425100120662766
0.4488958613781522
0.6974022436966107
1.124551340576868
1.6992477676782385
1.111560429498486
1.1670829201359205
0.08243155114979794
1.1459758628651344
1.1501981224238542
1.3900745215772554
0.27539441557329747
0.6627855908464673
1.5653094830460552
0.13854495461887462
1.186195258684712
1.9871739052253097
0.948231830147757
1.0378042318857514
0.7051560488122943
1.795416987682024
1.0242218597563806
0.5266418485839108
0.2923058123025224
0.7395732857599535
1.7652986730644353
1.9869936640483337
1.0916366272465274
1.800697418758932
0.8140588083522724
0.40521534567099016
1.4679291802943717
