1.6639178930319205
1.3796408739940351
0.3682086960012718
0.27126907290481306
0.1567798519549557
1.0510952242411995
0.5283041957027654
1.511467452994872
0.09601055406057668
0.6525713879811761
0.07467470626910622
1.379462896420625
1.659949475141635
0.587928907194978
1.691661759440679
1.7512340318212498
0.8584389647752193
0.6132746908138422
1.1529070281537033
0.594764760753506
1.586601523605795
0.676896285432556
1.428594595613077
0.43506503025616317
1.9732318658240149
1.0990174518910214
0.3755020060208789
1.764907372965367
1.069909937332381
0.375170023849686
1.431026740239418
1.289688919655612
1.8688895561593806
1.3426094104897488
1.2118599035037003
0.44724686754858656
0.24405716255829812
0.7212277408259369
1.6968501491014916
1.7206275266169508
