0.5071833578008804
1.0360256402192225
1.6781000345907007
0.066247077921195
1.4707724535119864
1.6550878313080664
1.7260381420503008
1.5013589575446242
1.7647739356977072
1.7311464337738127
0.7063972657862436
1.4170643888257133
0.7182563130285478
1.8232413253293323
1.4348604178833653
1.0669778734940882
1.4238387643870412
1.5223156933144288
0.2807537747128208
1.281833248428804
1.8235104006259415
1.5626195208734162
0.9589353818767354
0.6032773354080714
1.9769025718276305
1.7561269153959542
0.692509116758766
0.3104953259977732
1.0894164026259925
0.09484298824117454
0.7563164586943394
