0.016972138404940385
1.621656094181847
0.8715211939082956
1.2491445054501131
0.3668658394136184
0.7856151095067241
1.8447454872271294
0.4619927704295903
0.9575674445669384
1.5310523667365463
1.9833317899767628
1.8628180367232106
1.3701983212190165
1.3799964655207253
1.998156480413162
1.5997374023055797
1.9783773612964266
0.6687206762704325
1.0746033800940618
1.4989364756696077
0.8492146961182288
0.8227360395390679
1.4201987017322315
0.6302047670199462
0.9083456177189793
0.48810525316193143
1.83346133899293
0.7695729096473656
0.763869628807353
1.6743107069424568
0.7602002130501475
0.7301107061478849
1.3154680794705635
1.9745633754290992
1.6686050378007393
1.1322812654877907
1.0282598758047867
0.22716982217045611
1.4497443683498972
1.5868636597818155
0.2736985548811841
0.43033293074004497
1.0582622887474358
0.956815965915975
0.9974437616390954
0.8177327276393789
1.7910913410392708
0.7825511051234484
1.2897553404094007
