0.2676692680564656
1.3472805642367462
1.9103834772064294
0.24260529122252805
0.33649786051191244
0.5270498091384752
1.0963912060104684
1.6709776008795445
1.3994248136603549
0.8383096051404926
1.4246132335997626
1.6034007414512081
1.361130244601561
1.2654345183553608
0.37632157158810164
0.4841339318681075
1.8500199584394599
0.2883230140607833
1.8915921035855545
1.545491713838497
0.1248439207809322
0.5457242832385729
0.6815582727589105
0.2131063417713639
0.9096617450122166
1.5802901621140695
1.7100208874307157
0.40331195088460703
0.6600363058523668
0.7968709920535293
0.13654658956327204
0.0280617179592344
0.41311303519314935
1.711017559227046
1.0337063798070383
1.2490702607695452
0.5759771111398071
1.5891724371548954
0.4046522670814503
0.23113255382477016
0.8482505399471747
0.616606569504615
0.41736131469036675
1.3382896168844258
0.44315405874776514
0.6693366574299784
1.8510423484694556
1.0725989412922803
1.374534911844005
