0.23468638095940086
1.0745823616443788
1.1890964273840008
1.7868375103123313
0.2940717623326847
0.12057849583458857
1.6859764298083673
0.07649129941571697
1.1011753089690668
0.5950370788412918
1.2919310118212124
0.7074990608193281
1.3597409642427163
0.8272493540854371
1.062034150531213
0.6291450315641121
1.0163340056605685
0.2637789197525202
1.638417180030714
1.989655749264847
0.7415188115868565
1.4451919398899973
1.1660951254865384
1.3009780390425782
1.1225442972844744
0.5376966004494554
0.29280147476070884
1.4283475769618672
1.256381105775509
0.3876059066352098
0.08483930589298971
1.4477765107970408
0.34921945643235697
0.9473692742680653
1.0384397614754635
0.8672324334434447
0.027239454951787145
1.612488322975247
0.9005314677971366
1.1171147753220345
0.5182623828576975
1.7173931494795145
0.5718714398646725
0.0166753969969351
0.3783214253973908
1.0793585256610898
0.6945442871503542
1.042818988179766
0.8594243320565687
0.7503129381915867
1.346458949063814
1.6079436200899986
0.057764858852206835
0.5504674290675888
0.20344039504725409
1.4983760405336697
1.726530554621624
1.0217556329852604
