1.8270648588396976
0.92281736992941
1.2970282428198079
1.7080679925043247
0.4353047104827712
1.030102287087138
0.5161907088185695
1.8530819795461744
0.6015824253395401
0.9945187053972506
0.0483347630310651
1.6273530955470599
1.9936628477201905
0.07761041022955828
1.7690141732712923
1.1477575564129299
1.0610119767723147
0.0014977794484800633
1.3794338080579163
1.8649825898049532
0.314517032618463
1.0405182289966675
0.5636823340388917
0.6067701889929817
1.036394079029101
1.0324964168203783
0.5638999229187269
0.1586165544289031
1.257155772925044
1.3665104657228397
0.6782800779000646
0.43997334392000553
1.3067516845754619
1.5824395385508114
0.6298193460882411
0.9595907694702266
1.2593805226132084
0.48402001813870354
0.741610599775846
1.8457692634575382
0.8695721213845737
1.4854147950125935
1.7315198657632598
1.849742224275889
1.521367821951889
1.5955187758205307
0.4911755264986315
1.1007387939242994
1.2907926660638394
1.5590189247262471
1.4708283465378265
0.5748695285176204
1.7606440426270011
1.6141664398411244
1.9588383774785894
1.6316342746749743
1.629443695862527
1.801786334284809
1.520025290697399
0.9004339795356593
0.6664160401992323
0.6560853618055438
1.6037246924030022
1.6976597607231714
1.7479109667570731
1.324660289877468
0.5403758502622602
0.0641608941673586
0.1812841090803352
1.6149278969716785
1.7340350056715352
0.6549859179874957
0.6713907060546056
0.4954346579707618
1.4440506870899403
1.2808293747078574
