1.877466843049886
1.058970524622985
1.0514131455964941
1.1702983581237643
0.8857516276779069
1.2001389591524596
0.6683121477026162
0.04076736120711333
0.9720150743478944
1.3624580191043996
1.7815419194166693
0.5755369950002893
1.3129135098171458
1.4059874878432748
0.5233113929244717
1.7716065339081628
0.04825187707613443
1.7391217803522951
1.825796410552889
0.45445878584300603
1.8340731325408854
0.28016007652287733
1.6571208979286376
1.2529673565495831
0.15019355085109298
0.19411011304311776
1.1246032084013873
1.9019586177234982
0.3383875829542813
1.1853022937864806
1.2832426891765083
0.3212828932864076
0.6170004971931364
0.513988423162909
1.757820273078138
1.6120570148909694
0.6143280454063
0.8289165584644977
1.371359190668091
1.2978686034202735
0.842912708626371
1.1948282140197688
0.15885206245918182
0.42350756510153564
1.463565198227942
1.4775613245885313
0.4626514285478045
1.0107586590573687
1.8439831132497413
1.467153004847689
1.0490066409929675
0.9531926365234695
0.8514782064386348
0.17094829649989318
1.7037351506091927
1.4794756017749795
1.4201515541593066
0.5733663879566779
0.7246046397431907
0.8171218580053816
1.0809134766974444
1.6676970861338996
1.2364547446388352
1.1006967697614183
1.0264915628884919
1.1305714246498773
1.0462728328861384
