1.7426737601645286
1.4430096467031133
1.8779298089559617
1.7720675076403012
0.9162389135810725
0.530469887152452
1.1595335435523486
1.6758009074473765
0.978218785419541
1.5332795272634132
0.3579120982035282
0.31855196413153397
1.1580427158033761
0.8698686455755906
0.9632614008488285
0.6249611879284274
0.6315462676725256
1.1257065843977938
1.665504847291185
0.06755551047614139
0.6765340355387619
1.8542214074553338
1.5039829537208926
0.8838509823466705
1.526211934936093
1.180462517559627
1.4478601467913168
1.5847271245062688
0.62794091351982
1.2058178855808346
0.2558858268849957
