1.2922689651411123
1.902991921580528
1.886156952710111
0.6031378678062147
0.4233602759411843
0.35943497464551166
0.47876565698381457
1.7920466558019856
1.8794483701149
0.3563544702197996
1.4937125374344058
1.2773050741378262
1.9607962612930563
1.3639901516536197
1.2357826526073565
0.8796621294776066
1.8655588211409042
0.3805741912152718
0.8356961133540812
1.6060467629451929
1.8645472201983848
1.83827933833844
1.4163490913449333
0.6439022589186876
0.6409979893280053
1.5672440625344084
0.8376533116720566
0.37084219668419793
0.3216231326844081
0.5775502890252064
0.8626335332626236
0.936642669287092
0.9283905852114693
1.1971919316601771
1.5899050292431607
1.1911210291423098
0.3318074721320179
0.9313679494532421
0.9427815418834746
1.9451998643238926
