1.5014349587833173
0.9073359075045095
0.9853198838484754
1.0223717962796428
0.5199376679300474
1.086545523743336
0.4457874224148166
0.6251575302916668
0.5127200436605088
0.4984574696992148
1.5370410233101617
1.9198464714322556
0.6610233892680784
1.4641013130629816
0.17322775915143263
1.5928813776302024
0.46453213938380644
1.9745847771034866
1.0734053295262487
1.4586892859908
0.7730624217709487
1.9447263700454474
1.3655627463906872
1.8374569106754088
0.9272131669747372
1.7723116082499248
1.791589976033627
1.2428050333146459
1.0590616717687507
0.06141041138171133
0.30791040393192937
0.6643542981878361
1.0332267024680282
1.3838430049529293
1.1067011513340042
0.8956545642733036
0.027236807711687572
0.19259529233784134
1.114335672168136
0.1639896548104267
1.4688983517058327
1.4568069028171604
0.3410811948190329
0.1986186530046128
0.1963236728823161
1.6578910612525641
0.01045323851712432
0.5737244448434966
0.0010011643542222615
0.7960189249836369
0.22590818014832337
1.0479667908983674
1.2052685556094134
0.9521139480849934
0.4939334300342537
1.199870405817657
1.58080015237815
0.9840749993464648
1.4592703005833254
0.20979780154898986
1.0651839955409335
1.3202373611221394
1.6580398774661167
1.296157720778214
0.19122483100008525
1.233244080374893
1.3495232389514733
