0.004069702492538685
0.5779755384735612
1.947300728609612
1.1792111768485292
1.1428707941392497
1.4905385542327063
0.8266245997818538
1.7096822370895364
0.3097288544674197
1.3363473215626112
1.6277561275987087
0.5244361623103244
1.872348954434238
0.21085768700306406
1.322988151327726
0.19382833101165264
1.6220652094827703
1.2994715202076161
1.7484945124197795
0.7077246050563133
0.4476654945345322
1.3075345604953963
1.8321634716055
0.9735825294142924
1.7030043638379988
0.02497630906108883
1.3412449343481425
1.9187781940767015
1.80225984557253
1.185197136429871
0.9445026948107369
