1.2397887937412366
0.027148183568192596
0.3490315678232796
0.9315989002178631
1.709120590362942
1.6566031981387606
0.39817461397506415
0.9982438959331987
1.6471684732213863
0.060724463379497884
0.00999453862050359
1.1434659615824008
0.6196264328473529
1.9083738901532734
0.616273438935012
0.9403914650807272
1.2900796890934805
0.7474744017180215
0.6261492443307679
0.729753502648876
1.8445049231111224
0.6714469101340135
0.19381932670246727
0.8321152793408633
0.7266608601083724
1.9356306870336915
0.1992763747373183
1.6506838319375525
0.41925794799701555
0.9992483813572393
1.895329379635312
1.3411971997920769
1.8581345824514726
1.7323220592396726
0.5676886590558019
1.8655687096182851
1.9682564470579096
0.4157724395692428
0.2987701160233258
1.7447149379554845
1.641013325772795
1.4715074220193172
0.2420854325869901
1.9963767005787263
1.815466043327858
0.13208922897823872
1.7539949768913807
0.7540802725978937
1.6514899249332373
0.38951857509425425
0.8081252939059236
1.0382058095767488
0.29088012441470124
1.3401761849755336
0.7187523586407023
0.5168960206152269
0.9015073413410435
1.2399716402445917
