1.025382476995441
1.3485483187923686
1.5766415645588978
0.42917441404329226
0.29175848952269545
0.4586214703537075
0.9846413431262069
1.8459720963498816
0.5832899512737768
0.5767047577572817
1.654051146043209
1.7012560263551588
0.33771613050106186
0.7591737091951201
1.5000384170807664
1.548053556163246
0.7182928128684201
1.4613871233054834
0.2091279576080396
0.9362842673449787
1.3805733342115851
1.2373935771500864
1.8601104381958526
1.845818382457721
0.5265989146755499
1.4971515651963592
1.9050393099953773
0.9558854461778181
0.23652000949738028
1.6612930754750366
0.663271755476392
1.9603629889469407
0.1931741496736863
1.9146554569046166
1.8677285673088715
1.4105896785753194
0.5287311433083057
1.9051526960357648
0.3266058336308588
0.11401869367561712
1.3538045353773112
0.07252080982568909
0.9184342538959069
1.4361819264644398
1.861316490411693
1.4323226160588254
0.4688429660474154
1.7729397509339142
0.63595999231659
1.6690005029175214
0.11871037336955004
0.12781528967765032
1.3953641868645819
1.6396422760409575
0.2553057638652265
0.9645265544831294
0.487148698010079
1.3322245886451127
