1.4804766979201478
0.4112817031232172
1.4706279145852186
0.14416943131824222
1.6820415573275964
0.4514311778442788
0.3883828590894982
1.1294610880826736
0.7881076056725833
0.39781328903863855
1.2326927137884347
1.4856033645294944
1.6362238710854533
1.81230740155963
0.1440882724551651
0.49906782790366355
0.32645223151874836
1.7564764790618095
1.1985824011236512
1.5729699395827517
0.5078549839489641
1.563395059286365
1.2276933305263782
1.0644422488654883
0.06347718159208204
0.9898388904012658
0.013393932746064152
1.3535188448559494
1.0020616257759576
0.9563225180013246
0.7681482906108537
1.1652031683270683
0.770561820399271
0.6750074259863674
0.8328131288615093
0.5227579233287232
1.653741745507491
0.006284581956807589
1.7366239163759518
1.9782265126163456
1.8625265389793468
0.6995102406055587
1.4759830348707323
1.286398203527407
0.7926725278316713
1.4024709179914385
0.8581989945996806
1.3739530255581363
1.04490582689911
1.6213519524206297
1.3202750756918107
0.4732525439644433
0.1747107699677355
1.622241366616164
1.5859154416331478
1.5423429358196707
1.925725620480117
0.6451943593617675
1.4586351603355627
0.42861377287775504
0.4416914609216107
0.6248781302285282
1.9500591213077634
0.8676090139189232
0.5438213519132078
0.07086732524858697
0.15811448673566897
