1.935563439575204
1.4547371341605482
1.575975123123094
0.41258583678260097
0.37690432417062514
1.00309603042828
0.7273829026495044
0.33426880569723405
1.5717881747449818
1.98719292787692
0.6767553039206127
1.579100166724114
0.9281518970773268
1.8241522824267022
0.9314563735830794
1.0605187533478397
1.6318036240732563
1.7426315967232697
0.421787448571989
1.3641925248286868
1.2145614939526532
0.1824831379781493
1.7092642071464073
0.08534556425639517
1.1749502106563785
0.19270314508094177
0.9252038691361717
0.3317427135176949
1.698495640573808
0.9917812683418359
1.8551473814953767
1.4986682392257804
1.1121095405215087
0.9397124064168345
0.6052347659915749
1.2031490410398118
0.06381091605298872
1.0530569794211884
1.2916826140149151
0.5274749678993285
0.3970359984859586
0.14294736219997572
0.42293359432770394
1.6873902136041905
0.44482065484458566
1.3784407956938463
0.048812367010975244
0.6596207829343044
1.1507306585800605
1.5530247665111974
0.45065209081732016
0.07925881525161227
0.48700280908769455
1.5618872686844227
1.236759965186888
1.7606004189005784
1.8302868114079107
0.9216720401884069
0.02356314449271002
1.8077072789121047
0.10098330994501747
0.8039458001490893
0.30509996072732415
1.4488812539837213
0.26350758377920735
1.8041893125757493
0.27577563446433073
0.18269943605068617
1.313613078582355
0.9031665859335383
0.25201713805871595
0.9561777568114653
0.9044766335584145
0.589233849566607
0.7041037005380821
0.9299877125742286
