1.4181962629224523
0.9460473155218954
1.783456242749149
1.1269765446525373
1.2562990610602807
0.46608447579644974
1.8510895529411648
0.41814234436251585
0.523588580264478
1.3077275684174228
0.47176887398406375
1.313944920503816
0.26246152733497485
1.6743932742876768
1.694708577490767
1.6189184651653865
1.0359637109238364
0.6473325115380044
1.3087659029573864
0.6821527309026623
1.3778502457285615
1.7401320971255059
0.4737425329286409
0.1393411371211637
0.08454047265433173
1.7403748033220277
1.1629469301367923
1.4837829103346118
0.7643176129114719
1.0503733413868006
0.6698424626045458
1.1957055973708615
1.8701493800500262
0.24901366818362236
0.04752401245174953
1.4318053335888226
1.6182998490337441
1.021276899415657
0.8264299325376601
1.25361431635887
0.16935074831658392
0.046422068986630816
0.9677199282818045
0.3433892927199831
1.172751959378251
0.6689281773301112
0.6301021645645091
0.946028040794336
1.026170818728176
0.6495890745667143
1.6094553440328183
1.3098552567350517
1.8199567999959152
0.9169641452376069
1.2034788401788603
0.7492416478662105
0.668117449821366
1.3738255592671385
1.1147523552622274
1.2522566702050262
0.9744380515457891
1.7703208067312
1.1348303846612922
0.4539179838881564
1.9780669586241553
1.7785273902137027
1.5833525458224456
