0.48940497131215066
0.6590855220970493
0.7164260195296359
1.9197964836342125
0.266722978388406
0.16415973292559283
0.6084663021602981
1.5548911269353298
1.945755397338679
0.7344369032560674
0.2470716327851199
1.7755396241773589
0.5526831894664732
1.2627904310408722
1.3912403565858953
1.540290636549201
0.08050920838489928
1.4880764220560838
1.5293650348687895
0.2809370772034092
1.2414356810658687
1.3327954634948989
1.8323782772469501
0.8116223680714652
1.683564853787598
0.7318637057201531
1.5840287358236003
0.17800076110962637
0.8169670300575191
0.8713253078617975
1.0788951942090712
1.656195209814324
1.7493303618088314
0.7653868609740289
0.7857524622536021
0.4727486065287363
1.345810834961937
0.9960576699196282
0.9237064524566718
0.9655633710372458
