1.5183781250795931
0.6484980213175096
0.2499177732538458
0.11273329755876027
0.5287331217306739
1.4377102221867655
0.3450816475129397
0.8822541219144489
0.18682089187165962
0.9047307746215267
0.1768503374415471
0.030552783196012623
0.33614546537568435
1.3398271546589124
1.8365390128045145
1.28306326702935
1.4405006593069007
0.4344873681178347
1.3020906864465625
1.6794484975285537
0.3755203395894746
0.4479768168269058
0.5085525475718038
0.07624402107709649
0.8289653660850362
1.504971520940059
1.7669411561014705
1.2209647891225575
1.8078534038931924
0.39777208470288317
1.2618167188822453
1.9873851254812034
1.6764108283901331
0.9759654176009138
0.974269699716233
1.0193334168053623
1.7620157612871363
1.8390522340798237
1.5504993383989132
1.4530141917719632
0.4031583584034051
1.1426849416427127
0.007542057646503508
1.129880009281599
1.3986159037945134
0.2250570131604177
1.6141069892363915
1.9207760018297604
0.22473703596832095
1.346691458820707
0.04330356783973821
1.5143104569215478
1.8932672216316204
1.0769750459055305
1.9603642812884323
1.374080148829914
1.217651088625293
1.4382826654230532
1.2124338587259653
0.409777928615485
0.2345064925513758
0.13735715603757592
1.4833545108738888
1.158238813484878
1.921141120523917
1.7831709037779393
0.7043993045341783
1.6136314113182375
0.6323042600314612
1.3847933072824419
0.2358608068064516
1.4150004891125008
1.7617953454400732
1.1804401859672597
1.4726772614218335
0.9467865272822356
