1.0	-0.36291151796949767	0.2168608650036058	-0.15663732971310815	0.08710783237798754	-0.7887143762491141	0.22858380619524574	-0.10320199296314589	0.11148074903540893	-0.0670601137785908	0.24340555803006303	-0.2281525120049165	0.11952062735405342	-0.05655935780416513	0.024677011770668243	-0.27721945014722005	0.09551698064434279	-0.07544496174518846	0.04961840375510007	-0.027806101528324592	0.12984846790501914	-0.08657795257158651	0.0793085112174056	-0.03903223321188773	0.04267360396931391
-0.36291151796949767	0.9999999999999999	-0.6532196288880805	0.2242276858828313	-0.12853671932503175	0.23163436653660618	-0.5044370417490253	0.15417803901919427	-0.1695885777051315	0.09584948586213661	-0.1493657585552776	0.28314835727136484	-0.17621899988855586	0.05831795196767798	-0.02604184534781054	0.15094781663314216	-0.08483519689916272	0.07369697629590086	-0.05160002631150212	0.028727420360032885	-0.11796735578458539	0.07469564984650336	-0.07941832796766131	0.03992122968565307	-0.045065678570822165
0.2168608650036058	-0.6532196288880805	0.9999999999999996	-0.45221944692860583	0.1608481313950704	-0.21614686447287307	0.2836929405630302	-0.22576990852506104	0.21651664429404582	-0.12882823460830226	0.1491356554988868	-0.35285759605451317	0.20613263630931042	-0.07199267737298413	0.032044482374445724	-0.1727603820507571	0.09848352398329742	-0.08841243694803405	0.06226986034641084	-0.035573245398752396	0.13713786930793734	-0.08878771787672193	0.09324067466923103	-0.048882071150926215	0.05457023847666444
-0.15663732971310815	0.2242276858828313	-0.45221944692860583	0.9999999999999996	-0.4082282882040199	0.13550109588234024	-0.2269610840693385	0.25581802103901446	-0.5638343893054307	0.26253661829534963	-0.12202624165691886	0.23359540460752326	-0.30759624783586387	0.08709752665747966	-0.04093387503413828	0.13008023235422714	-0.1064989295383844	0.10300537289410233	-0.07720187554146256	0.04413890289339769	-0.15136789653751753	0.09345360704047107	-0.11305994961980256	0.05946041339171244	-0.06917891907122833
0.08710783237798754	-0.12853671932503175	0.1608481313950704	-0.4082282882040199	0.9999999999999997	-0.08544461241721509	0.12198863886815688	-0.17636046803097508	0.2923136296491625	-0.8048191768015941	0.07799548183614001	-0.1719981546604108	0.1622609903612418	-0.060582283141729004	0.033229200821203064	-0.09080947231991249	0.06788622243017041	-0.0655303153432055	0.05066365235249959	-0.03586003857663113	0.10110286492290813	-0.06167048549447251	0.06968675965905856	-0.04092836153802411	0.046050421642122336
-0.7887143762491141	0.23163436653660618	-0.21614686447287307	0.13550109588234024	-0.08544461241721509	0.9999999999999994	-0.2640608923601713	0.09749648432391786	-0.10899367771787752	0.06385652096623731	-0.38930347267406956	0.20278895540806935	-0.1183370638481705	0.05222927781556	-0.022944083134792938	0.24371220341538735	-0.0916530000297329	0.07043972814672962	-0.046598951316615705	0.025672888806001184	-0.12713344659265102	0.08005088568613274	-0.07588350227457108	0.03618023281547422	-0.040031595298507215
0.22858380619524574	-0.5044370417490253	0.2836929405630302	-0.2269610840693385	0.12198863886815688	-0.2640608923601713	0.9999999999999993	-0.18691018934728854	0.1642080055994698	-0.09792815337750659	0.1702233489261416	-0.6922543251418907	0.19544331172604895	-0.06749853529845985	0.029674179239125218	-0.17716378536495048	0.10134369690189199	-0.0866876892183356	0.05915562315778433	-0.032955771700673035	0.1326098147595439	-0.0893580679367907	0.09103379026408542	-0.045840079874095094	0.05101230007685434
-0.10320199296314589	0.15417803901919427	-0.22576990852506104	0.25581802103901446	-0.17636046803097508	0.09749648432391786	-0.18691018934728854	0.9999999999999998	-0.4597057396217736	0.17150156623286458	-0.09078202615273186	0.21377994003041736	-0.7621608577809202	0.090784882258392	-0.03873609280212391	0.10079327251740117	-0.10287329407571671	0.12044066479973303	-0.08124832976808918	0.041054994712409046	-0.10843908139543584	0.08649060026192357	-0.11875760854462507	0.05562802149836986	-0.06257009054133428
0.11148074903540893	-0.1695885777051315	0.21651664429404582	-0.5638343893054307	0.2923136296491625	-0.10899367771787752	0.1642080055994698	-0.4597057396217736	1.0000000000000007	-0.4728566624665565	0.09846422020247882	-0.2269183776096567	0.2727136896287311	-0.08213784459546637	0.03824521390458145	-0.1138266879427601	0.08968574749305008	-0.09246096679823126	0.06849166574305186	-0.04157184143131665	0.12146400614692615	-0.08063327352654036	0.094333102739484	-0.053042960243458476	0.05938288684165034
-0.0670601137785908	0.09584948586213661	-0.12882823460830226	0.26253661829534963	-0.8048191768015941	0.06385652096623731	-0.09792815337750659	0.17150156623286458	-0.4728566624665565	1.0000000000000009	-0.0594692099001351	0.127570647985329	-0.17384357028654765	0.05154344828313255	-0.030615686502904783	0.06751878866808887	-0.056064137151969354	0.056603790359260955	-0.04389024502540978	0.03161668293895939	-0.07749246333810916	0.049832634821305066	-0.060079195488866685	0.034042176142716235	-0.038839777847351806
0.24340555803006303	-0.1493657585552776	0.1491356554988868	-0.12202624165691886	0.07799548183614001	-0.38930347267406956	0.1702233489261416	-0.09078202615273186	0.09846422020247882	-0.0594692099001351	1.0000000000000013	-0.2256893883920858	0.1138310314594412	-0.07067378281684952	0.029942401914669046	-0.8001334558195584	0.15043434632912722	-0.10647730420229737	0.06288769692472353	-0.034113696149456606	0.1779153299896834	-0.13390463129489183	0.10689374637833277	-0.04849338793989873	0.05145984024406751
-0.2281525120049165	0.28314835727136484	-0.35285759605451317	0.23359540460752326	-0.1719981546604108	0.20278895540806935	-0.6922543251418907	0.21377994003041736	-0.2269183776096567	0.127570647985329	-0.2256893883920858	1.0000000000000018	-0.32031462862151916	0.09002429734712643	-0.03999829733952337	0.19046546541900145	-0.14408197420673308	0.11841800030745764	-0.08159545693115225	0.04378932951202883	-0.18226466002121972	0.11787063236499243	-0.12881391532184286	0.06154337503464708	-0.07013174274168485
0.11952062735405342	-0.17621899988855586	0.20613263630931042	-0.30759624783586387	0.1622609903612418	-0.1183370638481705	0.19544331172604895	-0.7621608577809202	0.2727136896287311	-0.17384357028654765	0.1138310314594412	-0.32031462862151916	1.000000000000002	-0.13145632655668157	0.0511116256447591	-0.13148827586619072	0.1310170163482578	-0.18381626966409703	0.10729181292430177	-0.055213184292171785	0.13652142190298072	-0.11450375051250526	0.14736137902854682	-0.07477742380271314	0.08101233314110146
-0.05655935780416513	0.05831795196767798	-0.07199267737298413	0.08709752665747966	-0.060582283141729004	0.05222927781556	-0.06749853529845985	0.090784882258392	-0.08213784459546637	0.05154344828313255	-0.07067378281684952	0.09002429734712643	-0.13145632655668157	1.000000000000001	-0.3203026235635345	0.08140827541732341	-0.16916908269834233	0.2126592331341581	-0.7279576313701458	0.23270516475878175	-0.13009626515393136	0.13294157199016182	-0.23003966938943934	0.26938484253547357	-0.37077908187115954
0.024677011770668243	-0.02604184534781054	0.032044482374445724	-0.04093387503413828	0.033229200821203064	-0.022944083134792938	0.029674179239125218	-0.03873609280212391	0.03824521390458145	-0.030615686502904783	0.029942401914669046	-0.03999829733952337	0.0511116256447591	-0.3203026235635345	1.0000000000000013	-0.03476605662411449	0.06253298221815816	-0.07919191777876401	0.18692846372790517	-0.9047024981700817	0.05637788398707402	-0.05243697641748988	0.08186500180258617	-0.15013136865728072	0.17473245633014964
-0.27721945014722005	0.15094781663314216	-0.1727603820507571	0.13008023235422714	-0.09080947231991249	0.24371220341538735	-0.17716378536495048	0.10079327251740117	-0.1138266879427601	0.06751878866808887	-0.8001334558195584	0.19046546541900145	-0.13148827586619072	0.08140827541732341	-0.03476605662411449	1.0000000000000024	-0.22772182753282078	0.12821164201240876	-0.0755666573766537	0.03928067138823355	-0.2594311697437136	0.16201535884218116	-0.13688968250005312	0.05633640196439253	-0.060579700760843624
0.09551698064434279	-0.08483519689916272	0.09848352398329742	-0.1064989295383844	0.06788622243017041	-0.0916530000297329	0.10134369690189199	-0.10287329407571671	0.08968574749305008	-0.056064137151969354	0.15043434632912722	-0.14408197420673308	0.1310170163482578	-0.16916908269834233	0.06253298221815816	-0.22772182753282078	1.0000000000000022	-0.49784354274313974	0.15901606850354857	-0.07289629128670995	0.22801465637658366	-0.6928226861268216	0.31783286467845995	-0.10742320098861623	0.09923161196535368
-0.07544496174518846	0.07369697629590086	-0.08841243694803405	0.10300537289410233	-0.0655303153432055	0.07043972814672962	-0.0866876892183356	0.12044066479973303	-0.09246096679823126	0.056603790359260955	-0.10647730420229737	0.11841800030745764	-0.18381626966409703	0.2126592331341581	-0.07919191777876401	0.12821164201240876	-0.49784354274313974	1.0000000000000024	-0.3133156451384151	0.08891470919336536	-0.1747555243534262	0.29585643521887345	-0.6877909112191503	0.13803418992855807	-0.1291397597871606
0.04961840375510007	-0.05160002631150212	0.06226986034641084	-0.07720187554146256	0.05066365235249959	-0.046598951316615705	0.05915562315778433	-0.08124832976808918	0.06849166574305186	-0.04389024502540978	0.06288769692472353	-0.08159545693115225	0.10729181292430177	-0.7279576313701458	0.18692846372790517	-0.0755666573766537	0.15901606850354857	-0.3133156451384151	1.000000000000002	-0.22070389613714972	0.11167526330332954	-0.13348711731022952	0.2062102919380026	-0.42644150639052913	0.277672742921403
-0.027806101528324592	0.028727420360032885	-0.035573245398752396	0.04413890289339769	-0.03586003857663113	0.025672888806001184	-0.032955771700673035	0.041054994712409046	-0.04157184143131665	0.03161668293895939	-0.034113696149456606	0.04378932951202883	-0.055213184292171785	0.23270516475878175	-0.9047024981700817	0.03928067138823355	-0.07289629128670995	0.08891470919336536	-0.22070389613714972	1.0000000000000018	-0.06537046009715353	0.06005364260803714	-0.09679192860413352	0.15830215836955847	-0.23812515128752737
0.12984846790501914	-0.11796735578458539	0.13713786930793734	-0.15136789653751753	0.10110286492290813	-0.12713344659265102	0.1326098147595439	-0.10843908139543584	0.12146400614692615	-0.07749246333810916	0.1779153299896834	-0.18226466002121972	0.13652142190298072	-0.13009626515393136	0.05637788398707402	-0.2594311697437136	0.22801465637658366	-0.1747555243534262	0.11167526330332954	-0.06537046009715353	1.000000000000002	-0.34931245488928864	0.20528588321199803	-0.09540390982889355	0.1014190724025511
-0.08657795257158651	0.07469564984650336	-0.08878771787672193	0.09345360704047107	-0.06167048549447251	0.08005088568613274	-0.0893580679367907	0.08649060026192357	-0.08063327352654036	0.049832634821305066	-0.13390463129489183	0.11787063236499243	-0.11450375051250526	0.13294157199016182	-0.05243697641748988	0.16201535884218116	-0.6928226861268216	0.29585643521887345	-0.13348711731022952	0.06005364260803714	-0.34931245488928864	1.0000000000000018	-0.5070846611082509	0.08869072503329195	-0.08757039088921814
0.0793085112174056	-0.07941832796766131	0.09324067466923103	-0.11305994961980256	0.06968675965905856	-0.07588350227457108	0.09103379026408542	-0.11875760854462507	0.094333102739484	-0.060079195488866685	0.10689374637833277	-0.12881391532184286	0.14736137902854682	-0.23003966938943934	0.08186500180258617	-0.13688968250005312	0.31783286467845995	-0.6877909112191503	0.2062102919380026	-0.09679192860413352	0.20528588321199803	-0.5070846611082509	1.000000000000002	-0.14182187535254212	0.12472551323833894
-0.03903223321188773	0.03992122968565307	-0.048882071150926215	0.05946041339171244	-0.04092836153802411	0.03618023281547422	-0.045840079874095094	0.05562802149836986	-0.053042960243458476	0.034042176142716235	-0.04849338793989873	0.06154337503464708	-0.07477742380271314	0.26938484253547357	-0.15013136865728072	0.05633640196439253	-0.10742320098861623	0.13803418992855807	-0.42644150639052913	0.15830215836955847	-0.09540390982889355	0.08869072503329195	-0.14182187535254212	1.0000000000000022	-0.8280141831058958
0.04267360396931391	-0.045065678570822165	0.05457023847666444	-0.06917891907122833	0.046050421642122336	-0.040031595298507215	0.05101230007685434	-0.06257009054133428	0.05938288684165034	-0.038839777847351806	0.05145984024406751	-0.07013174274168485	0.08101233314110146	-0.37077908187115954	0.17473245633014964	-0.060579700760843624	0.09923161196535368	-0.1291397597871606	0.277672742921403	-0.23812515128752737	0.1014190724025511	-0.08757039088921814	0.12472551323833894	-0.8280141831058958	1.0000000000000022
