0.8226703507676536
0.13584957596286573
1.631495941789678
0.453189261732172
0.18356222579730597
1.0650257983973934
0.21219626483627163
0.9993203453485151
0.9363956866157803
1.7640589072536859
1.369934931947634
0.7048745474713556
0.8195951346424319
1.8460209022718406
1.227529069300739
1.9918689047709708
0.6782853666794182
0.8487476171483399
0.2971224059234592
1.6429461156730847
0.8664309728092605
1.7714867129695153
0.6579777236269586
1.11855674161181
1.8322688707781376
0.37666786328360224
0.47996383672543796
1.8721120832215457
1.9667039804357906
0.21795449998614025
0.6290950296209696
1.790372448054748
0.9266514798283474
1.1079389373158013
1.4438267326430525
1.2659769948125636
0.6842660844430792
0.9945950980794529
0.8817255903641033
0.3302925322245214
1.707272535059205
0.2070170906041242
0.4400417230994633
0.8130121707260134
1.9997300693180202
0.8972013745754075
0.6164570418942361
0.30175119602317624
1.818551991967051
1.9594157648531243
0.9072095629450323
0.6311302448536718
0.7275204943027864
0.680897281179401
0.5949724059782788
0.22035574806455038
0.08488296907711135
0.7266245552769344
0.7788416682052977
1.7350732133953413
1.0250199314966553
1.1954022399679012
1.511929635247295
0.42626902665498934
1.3098712665239813
1.3628518765774644
1.4402360651326576
0.006881227381748456
0.3344756027950817
1.576443950111921
1.6679200578275868
1.7320734665616375
0.8508218861097592
1.1570541863313997
1.640325120208832
1.7671414065129243
